file,result,CLM:AMR,MXL:AMR,PUR:AMR
HG00096:GBR,CLM:AMR,0.538,0.2045,0.2575
HG00097:GBR,PUR:AMR,0.38,0.0925,0.5275
HG00099:GBR,CLM:AMR,0.4465,0.2045,0.349
HG00100:GBR,CLM:AMR,0.4065,0.2285,0.365
HG00101:GBR,CLM:AMR,0.5085,0.158,0.3335
HG00102:GBR,PUR:AMR,0.2875,0.117,0.5955
HG00103:GBR,PUR:AMR,0.3575,0.215,0.4275
HG00105:GBR,CLM:AMR,0.345,0.32,0.335
HG00106:GBR,PUR:AMR,0.397,0.1475,0.4555
HG00107:GBR,CLM:AMR,0.447,0.2495,0.3035
HG00108:GBR,CLM:AMR,0.552,0.2815,0.1665
HG00109:GBR,CLM:AMR,0.4035,0.3055,0.291
HG00110:GBR,PUR:AMR,0.255,0.224,0.521
HG00111:GBR,CLM:AMR,0.551,0.2815,0.1675
HG00112:GBR,PUR:AMR,0.293,0.1435,0.5635
HG00113:GBR,PUR:AMR,0.393,0.137,0.47
HG00114:GBR,PUR:AMR,0.3145,0.248,0.4375
HG00115:GBR,CLM:AMR,0.623,0.183,0.194
HG00116:GBR,PUR:AMR,0.4325,0.0855,0.482
HG00117:GBR,PUR:AMR,0.356,0.229,0.415
HG00118:GBR,CLM:AMR,0.394,0.2255,0.3805
HG00119:GBR,PUR:AMR,0.3795,0.171,0.4495
HG00120:GBR,PUR:AMR,0.344,0.3015,0.3545
HG00121:GBR,CLM:AMR,0.5885,0.21,0.2015
HG00122:GBR,PUR:AMR,0.269,0.2495,0.4815
HG00123:GBR,CLM:AMR,0.592,0.157,0.251
HG00125:GBR,CLM:AMR,0.5615,0.0605,0.378
HG00126:GBR,PUR:AMR,0.429,0.1,0.471
HG00127:GBR,CLM:AMR,0.366,0.347,0.287
HG00128:GBR,CLM:AMR,0.5725,0.118,0.3095
HG00129:GBR,CLM:AMR,0.428,0.221,0.351
HG00130:GBR,MXL:AMR,0.296,0.3845,0.3195
HG00131:GBR,PUR:AMR,0.321,0.226,0.453
HG00132:GBR,CLM:AMR,0.4725,0.171,0.3565
HG00133:GBR,CLM:AMR,0.512,0.2485,0.2395
HG00136:GBR,PUR:AMR,0.355,0.0735,0.5715
HG00137:GBR,CLM:AMR,0.395,0.34,0.265
HG00138:GBR,CLM:AMR,0.5785,0.1745,0.247
HG00139:GBR,PUR:AMR,0.3575,0.154,0.4885
HG00140:GBR,CLM:AMR,0.5585,0.172,0.2695
HG00141:GBR,PUR:AMR,0.4525,0.064,0.4835
HG00142:GBR,PUR:AMR,0.408,0.135,0.457
HG00143:GBR,CLM:AMR,0.446,0.1645,0.3895
HG00145:GBR,CLM:AMR,0.4515,0.167,0.3815
HG00146:GBR,CLM:AMR,0.341,0.3335,0.3255
HG00148:GBR,PUR:AMR,0.227,0.0735,0.6995
HG00149:GBR,PUR:AMR,0.348,0.222,0.43
HG00150:GBR,CLM:AMR,0.45,0.107,0.443
HG00151:GBR,PUR:AMR,0.423,0.1405,0.4365
HG00154:GBR,PUR:AMR,0.364,0.232,0.404
HG00155:GBR,PUR:AMR,0.338,0.2235,0.4385
HG00157:GBR,MXL:AMR,0.353,0.392,0.255
HG00158:GBR,CLM:AMR,0.369,0.3455,0.2855
HG00159:GBR,CLM:AMR,0.5035,0.1275,0.369
HG00160:GBR,MXL:AMR,0.334,0.355,0.311
HG00171:FIN,PUR:AMR,0.3365,0.1075,0.556
HG00173:FIN,PUR:AMR,0.256,0.1765,0.5675
HG00174:FIN,PUR:AMR,0.32,0.1335,0.5465
HG00176:FIN,PUR:AMR,0.259,0.1735,0.5675
HG00177:FIN,CLM:AMR,0.3955,0.3425,0.262
HG00178:FIN,CLM:AMR,0.593,0.1595,0.2475
HG00179:FIN,PUR:AMR,0.263,0.1885,0.5485
HG00180:FIN,PUR:AMR,0.3015,0.2805,0.418
HG00181:FIN,MXL:AMR,0.3035,0.358,0.3385
HG00182:FIN,CLM:AMR,0.4795,0.2065,0.314
HG00183:FIN,MXL:AMR,0.249,0.4215,0.3295
HG00185:FIN,PUR:AMR,0.24,0.1575,0.6025
HG00186:FIN,PUR:AMR,0.3425,0.1925,0.465
HG00187:FIN,PUR:AMR,0.3255,0.2895,0.385
HG00188:FIN,PUR:AMR,0.2825,0.102,0.6155
HG00189:FIN,MXL:AMR,0.33,0.3765,0.2935
HG00190:FIN,CLM:AMR,0.4055,0.3025,0.292
HG00231:GBR,PUR:AMR,0.3185,0.1445,0.537
HG00232:GBR,CLM:AMR,0.6845,0.221,0.0945
HG00233:GBR,CLM:AMR,0.3725,0.284,0.3435
HG00234:GBR,PUR:AMR,0.186,0.179,0.635
HG00235:GBR,PUR:AMR,0.401,0.136,0.463
HG00236:GBR,CLM:AMR,0.389,0.301,0.31
HG00237:GBR,CLM:AMR,0.3805,0.267,0.3525
HG00238:GBR,CLM:AMR,0.5585,0.2705,0.171
HG00239:GBR,CLM:AMR,0.4515,0.1995,0.349
HG00240:GBR,PUR:AMR,0.3535,0.1805,0.466
HG00242:GBR,CLM:AMR,0.6185,0.1465,0.235
HG00243:GBR,CLM:AMR,0.438,0.1995,0.3625
HG00244:GBR,PUR:AMR,0.4315,0.107,0.4615
HG00245:GBR,CLM:AMR,0.477,0.1935,0.3295
HG00246:GBR,CLM:AMR,0.387,0.373,0.24
HG00250:GBR,PUR:AMR,0.298,0.309,0.393
HG00251:GBR,PUR:AMR,0.465,0.065,0.47
HG00252:GBR,PUR:AMR,0.4105,0.119,0.4705
HG00253:GBR,PUR:AMR,0.1685,0.064,0.7675
HG00254:GBR,MXL:AMR,0.2815,0.4065,0.312
HG00255:GBR,PUR:AMR,0.335,0.088,0.577
HG00256:GBR,PUR:AMR,0.292,0.2845,0.4235
HG00257:GBR,PUR:AMR,0.379,0.115,0.506
HG00258:GBR,CLM:AMR,0.5225,0.2375,0.24
HG00259:GBR,MXL:AMR,0.366,0.3885,0.2455
HG00260:GBR,PUR:AMR,0.2585,0.179,0.5625
HG00261:GBR,PUR:AMR,0.3525,0.279,0.3685
HG00262:GBR,MXL:AMR,0.33,0.5215,0.1485
HG00263:GBR,PUR:AMR,0.319,0.188,0.493
HG00264:GBR,CLM:AMR,0.495,0.1,0.405
HG00265:GBR,PUR:AMR,0.31,0.2615,0.4285
HG00266:FIN,CLM:AMR,0.392,0.2795,0.3285
HG00267:FIN,PUR:AMR,0.2815,0.289,0.4295
HG00268:FIN,CLM:AMR,0.4695,0.2555,0.275
HG00269:FIN,CLM:AMR,0.453,0.2225,0.3245
HG00271:FIN,CLM:AMR,0.531,0.361,0.108
HG00272:FIN,CLM:AMR,0.6815,0.2025,0.116
HG00273:FIN,MXL:AMR,0.3615,0.532,0.1065
HG00274:FIN,MXL:AMR,0.259,0.4955,0.2455
HG00275:FIN,PUR:AMR,0.2525,0.308,0.4395
HG00276:FIN,CLM:AMR,0.4445,0.3495,0.206
HG00277:FIN,CLM:AMR,0.479,0.278,0.243
HG00278:FIN,CLM:AMR,0.398,0.2465,0.3555
HG00280:FIN,PUR:AMR,0.4395,0.106,0.4545
HG00281:FIN,PUR:AMR,0.2495,0.3435,0.407
HG00282:FIN,PUR:AMR,0.327,0.2605,0.4125
HG00284:FIN,CLM:AMR,0.618,0.2755,0.1065
HG00285:FIN,CLM:AMR,0.6015,0.0955,0.303
HG00288:FIN,CLM:AMR,0.4155,0.2225,0.362
HG00290:FIN,MXL:AMR,0.2975,0.395,0.3075
HG00304:FIN,PUR:AMR,0.311,0.2335,0.4555
HG00306:FIN,CLM:AMR,0.58,0.1915,0.2285
HG00308:FIN,CLM:AMR,0.626,0.236,0.138
HG00309:FIN,CLM:AMR,0.498,0.2275,0.2745
HG00310:FIN,CLM:AMR,0.7185,0.1395,0.142
HG00311:FIN,CLM:AMR,0.4835,0.289,0.2275
HG00313:FIN,CLM:AMR,0.559,0.0865,0.3545
HG00315:FIN,PUR:AMR,0.29,0.1685,0.5415
HG00318:FIN,MXL:AMR,0.332,0.3465,0.3215
HG00319:FIN,PUR:AMR,0.3275,0.296,0.3765
HG00320:FIN,PUR:AMR,0.335,0.3175,0.3475
HG00321:FIN,CLM:AMR,0.357,0.305,0.338
HG00323:FIN,CLM:AMR,0.5745,0.1485,0.277
HG00324:FIN,CLM:AMR,0.465,0.218,0.317
HG00325:FIN,CLM:AMR,0.5385,0.06,0.4015
HG00326:FIN,PUR:AMR,0.28,0.241,0.479
HG00327:FIN,MXL:AMR,0.328,0.4225,0.2495
HG00328:FIN,MXL:AMR,0.243,0.3895,0.3675
HG00329:FIN,PUR:AMR,0.2505,0.07,0.6795
HG00330:FIN,CLM:AMR,0.534,0.1395,0.3265
HG00331:FIN,PUR:AMR,0.3515,0.135,0.5135
HG00332:FIN,PUR:AMR,0.391,0.071,0.538
HG00334:FIN,CLM:AMR,0.375,0.3475,0.2775
HG00335:FIN,PUR:AMR,0.315,0.182,0.503
HG00336:FIN,PUR:AMR,0.1425,0.279,0.5785
HG00337:FIN,CLM:AMR,0.4275,0.3505,0.222
HG00338:FIN,CLM:AMR,0.424,0.308,0.268
HG00339:FIN,CLM:AMR,0.5495,0.066,0.3845
HG00341:FIN,PUR:AMR,0.3105,0.219,0.4705
HG00342:FIN,PUR:AMR,0.2315,0.2845,0.484
HG00343:FIN,PUR:AMR,0.323,0.3315,0.3455
HG00344:FIN,PUR:AMR,0.3865,0.097,0.5165
HG00345:FIN,PUR:AMR,0.3255,0.238,0.4365
HG00346:FIN,CLM:AMR,0.4335,0.298,0.2685
HG00349:FIN,PUR:AMR,0.2625,0.174,0.5635
HG00350:FIN,PUR:AMR,0.456,0.0755,0.4685
HG00351:FIN,CLM:AMR,0.417,0.2085,0.3745
HG00353:FIN,PUR:AMR,0.254,0.303,0.443
HG00355:FIN,PUR:AMR,0.2915,0.104,0.6045
HG00356:FIN,CLM:AMR,0.4325,0.1815,0.386
HG00357:FIN,CLM:AMR,0.495,0.1955,0.3095
HG00358:FIN,PUR:AMR,0.2375,0.266,0.4965
HG00360:FIN,MXL:AMR,0.297,0.3915,0.3115
HG00361:FIN,CLM:AMR,0.403,0.2725,0.3245
HG00362:FIN,PUR:AMR,0.3555,0.072,0.5725
HG00364:FIN,CLM:AMR,0.461,0.1525,0.3865
HG00365:FIN,CLM:AMR,0.498,0.222,0.28
HG00366:FIN,PUR:AMR,0.3525,0.2105,0.437
HG00367:FIN,CLM:AMR,0.426,0.19,0.384
HG00368:FIN,CLM:AMR,0.364,0.323,0.313
HG00369:FIN,PUR:AMR,0.38,0.12,0.5
HG00371:FIN,PUR:AMR,0.3625,0.2315,0.406
HG00372:FIN,PUR:AMR,0.383,0.1235,0.4935
HG00373:FIN,PUR:AMR,0.302,0.3215,0.3765
HG00375:FIN,CLM:AMR,0.443,0.2605,0.2965
HG00376:FIN,PUR:AMR,0.204,0.0755,0.7205
HG00378:FIN,CLM:AMR,0.4165,0.185,0.3985
HG00379:FIN,PUR:AMR,0.3745,0.167,0.4585
HG00380:FIN,CLM:AMR,0.405,0.2025,0.3925
HG00381:FIN,CLM:AMR,0.4415,0.176,0.3825
HG00382:FIN,MXL:AMR,0.2465,0.4915,0.262
HG00383:FIN,PUR:AMR,0.3175,0.28,0.4025
HG00384:FIN,CLM:AMR,0.3855,0.239,0.3755
HG00403:CHS,MXL:AMR,0.317,0.6295,0.0535
HG00404:CHS,MXL:AMR,0.27,0.5415,0.1885
HG00406:CHS,MXL:AMR,0.1525,0.7695,0.078
HG00407:CHS,MXL:AMR,0.177,0.6835,0.1395
HG00409:CHS,MXL:AMR,0.293,0.564,0.143
HG00410:CHS,MXL:AMR,0.1685,0.588,0.2435
HG00419:CHS,MXL:AMR,0.297,0.42,0.283
HG00421:CHS,MXL:AMR,0.244,0.6735,0.0825
HG00422:CHS,MXL:AMR,0.417,0.4775,0.1055
HG00428:CHS,MXL:AMR,0.305,0.5485,0.1465
HG00436:CHS,MXL:AMR,0.2015,0.6875,0.111
HG00437:CHS,MXL:AMR,0.1145,0.7875,0.098
HG00442:CHS,MXL:AMR,0.165,0.622,0.213
HG00443:CHS,MXL:AMR,0.258,0.5905,0.1515
HG00445:CHS,MXL:AMR,0.176,0.7685,0.0555
HG00446:CHS,MXL:AMR,0.2345,0.604,0.1615
HG00448:CHS,MXL:AMR,0.183,0.7645,0.0525
HG00449:CHS,MXL:AMR,0.272,0.6185,0.1095
HG00451:CHS,MXL:AMR,0.2455,0.6485,0.106
HG00452:CHS,MXL:AMR,0.1615,0.771,0.0675
HG00457:CHS,MXL:AMR,0.1185,0.7125,0.169
HG00458:CHS,MXL:AMR,0.331,0.548,0.121
HG00463:CHS,MXL:AMR,0.259,0.525,0.216
HG00464:CHS,MXL:AMR,0.1405,0.6695,0.19
HG00472:CHS,MXL:AMR,0.3105,0.5425,0.147
HG00473:CHS,MXL:AMR,0.3595,0.4955,0.145
HG00475:CHS,MXL:AMR,0.2675,0.6325,0.1
HG00476:CHS,MXL:AMR,0.2415,0.5365,0.222
HG00478:CHS,MXL:AMR,0.198,0.7275,0.0745
HG00479:CHS,MXL:AMR,0.1585,0.678,0.1635
HG00500:CHS,MXL:AMR,0.1595,0.757,0.0835
HG00513:CHS,MXL:AMR,0.1425,0.659,0.1985
HG00524:CHS,MXL:AMR,0.238,0.6455,0.1165
HG00525:CHS,MXL:AMR,0.227,0.5925,0.1805
HG00530:CHS,MXL:AMR,0.288,0.555,0.157
HG00531:CHS,CLM:AMR,0.4865,0.3685,0.145
HG00533:CHS,MXL:AMR,0.223,0.6415,0.1355
HG00534:CHS,MXL:AMR,0.137,0.726,0.137
HG00536:CHS,MXL:AMR,0.2475,0.61,0.1425
HG00537:CHS,MXL:AMR,0.164,0.689,0.147
HG00542:CHS,MXL:AMR,0.16,0.7465,0.0935
HG00543:CHS,MXL:AMR,0.141,0.6695,0.1895
HG00551:PUR,PUR:AMR,0.327,0.1235,0.5495
HG00553:PUR,PUR:AMR,0.1865,0.134,0.6795
HG00554:PUR,PUR:AMR,0.3705,0.0885,0.541
HG00556:CHS,MXL:AMR,0.297,0.568,0.135
HG00557:CHS,MXL:AMR,0.1675,0.7525,0.08
HG00559:CHS,MXL:AMR,0.1135,0.801,0.0855
HG00560:CHS,MXL:AMR,0.128,0.791,0.081
HG00565:CHS,MXL:AMR,0.2755,0.584,0.1405
HG00566:CHS,MXL:AMR,0.123,0.8035,0.0735
HG00580:CHS,MXL:AMR,0.298,0.4365,0.2655
HG00581:CHS,MXL:AMR,0.182,0.702,0.116
HG00583:CHS,MXL:AMR,0.271,0.46,0.269
HG00584:CHS,MXL:AMR,0.184,0.4225,0.3935
HG00589:CHS,MXL:AMR,0.2045,0.517,0.2785
HG00590:CHS,MXL:AMR,0.2235,0.5835,0.193
HG00592:CHS,MXL:AMR,0.213,0.511,0.276
HG00593:CHS,MXL:AMR,0.1715,0.7005,0.128
HG00595:CHS,MXL:AMR,0.223,0.506,0.271
HG00596:CHS,MXL:AMR,0.2465,0.674,0.0795
HG00598:CHS,MXL:AMR,0.206,0.6445,0.1495
HG00599:CHS,MXL:AMR,0.1265,0.7365,0.137
HG00607:CHS,MXL:AMR,0.289,0.589,0.122
HG00608:CHS,MXL:AMR,0.242,0.6155,0.1425
HG00610:CHS,MXL:AMR,0.283,0.517,0.2
HG00611:CHS,MXL:AMR,0.203,0.518,0.279
HG00613:CHS,MXL:AMR,0.1695,0.648,0.1825
HG00614:CHS,MXL:AMR,0.228,0.7045,0.0675
HG00619:CHS,MXL:AMR,0.1555,0.475,0.3695
HG00620:CHS,MXL:AMR,0.398,0.4705,0.1315
HG00622:CHS,MXL:AMR,0.1885,0.5545,0.257
HG00623:CHS,MXL:AMR,0.288,0.5395,0.1725
HG00625:CHS,MXL:AMR,0.1595,0.6815,0.159
HG00626:CHS,MXL:AMR,0.171,0.599,0.23
HG00628:CHS,MXL:AMR,0.186,0.6245,0.1895
HG00629:CHS,MXL:AMR,0.1865,0.7035,0.11
HG00631:CHS,MXL:AMR,0.175,0.7105,0.1145
HG00632:CHS,MXL:AMR,0.186,0.573,0.241
HG00634:CHS,MXL:AMR,0.184,0.6575,0.1585
HG00637:PUR,PUR:AMR,0.2395,0.1245,0.636
HG00638:PUR,PUR:AMR,0.3495,0.211,0.4395
HG00640:PUR,PUR:AMR,0.247,0.0845,0.6685
HG00641:PUR,PUR:AMR,0.1,0.1215,0.7785
HG00650:CHS,MXL:AMR,0.215,0.519,0.266
HG00651:CHS,MXL:AMR,0.26,0.4895,0.2505
HG00653:CHS,MXL:AMR,0.181,0.6195,0.1995
HG00654:CHS,MXL:AMR,0.1155,0.8295,0.055
HG00656:CHS,MXL:AMR,0.322,0.4335,0.2445
HG00657:CHS,MXL:AMR,0.0925,0.823,0.0845
HG00662:CHS,MXL:AMR,0.2485,0.6125,0.139
HG00663:CHS,MXL:AMR,0.115,0.797,0.088
HG00671:CHS,MXL:AMR,0.2625,0.5665,0.171
HG00672:CHS,MXL:AMR,0.1995,0.645,0.1555
HG00674:CHS,MXL:AMR,0.159,0.741,0.1
HG00675:CHS,MXL:AMR,0.1705,0.602,0.2275
HG00683:CHS,MXL:AMR,0.2645,0.528,0.2075
HG00684:CHS,MXL:AMR,0.2395,0.6195,0.141
HG00689:CHS,MXL:AMR,0.299,0.625,0.076
HG00690:CHS,MXL:AMR,0.2695,0.588,0.1425
HG00692:CHS,MXL:AMR,0.2225,0.714,0.0635
HG00693:CHS,MXL:AMR,0.19,0.546,0.264
HG00698:CHS,PUR:AMR,0.3015,0.2505,0.448
HG00699:CHS,MXL:AMR,0.209,0.3995,0.3915
HG00701:CHS,MXL:AMR,0.1475,0.61,0.2425
HG00704:CHS,MXL:AMR,0.347,0.5525,0.1005
HG00705:CHS,MXL:AMR,0.184,0.702,0.114
HG00707:CHS,MXL:AMR,0.204,0.7325,0.0635
HG00708:CHS,MXL:AMR,0.223,0.5325,0.2445
HG00717:CHS,MXL:AMR,0.1745,0.5975,0.228
HG00728:CHS,MXL:AMR,0.203,0.669,0.128
HG00729:CHS,MXL:AMR,0.2895,0.419,0.2915
HG00731:PUR,PUR:AMR,0.214,0.1,0.686
HG00732:PUR,PUR:AMR,0.2065,0.2085,0.585
HG00734:PUR,PUR:AMR,0.1735,0.085,0.7415
HG00736:PUR,PUR:AMR,0.226,0.108,0.666
HG00737:PUR,PUR:AMR,0.2255,0.147,0.6275
HG00739:PUR,CLM:AMR,0.586,0.1665,0.2475
HG00740:PUR,PUR:AMR,0.2105,0.148,0.6415
HG00742:PUR,CLM:AMR,0.4565,0.218,0.3255
HG00743:PUR,PUR:AMR,0.286,0.1815,0.5325
HG00759:CDX,MXL:AMR,0.221,0.5755,0.2035
HG00766:CDX,MXL:AMR,0.1975,0.6145,0.188
HG00844:CDX,MXL:AMR,0.156,0.582,0.262
HG00851:CDX,MXL:AMR,0.204,0.607,0.189
HG00864:CDX,MXL:AMR,0.343,0.4265,0.2305
HG00867:CDX,MXL:AMR,0.217,0.6715,0.1115
HG00879:CDX,MXL:AMR,0.2005,0.7035,0.096
HG00881:CDX,MXL:AMR,0.281,0.479,0.24
HG00956:CDX,MXL:AMR,0.3135,0.467,0.2195
HG00978:CDX,MXL:AMR,0.136,0.7775,0.0865
HG00982:CDX,MXL:AMR,0.377,0.5335,0.0895
HG01028:CDX,MXL:AMR,0.224,0.543,0.233
HG01029:CDX,CLM:AMR,0.4165,0.3645,0.219
HG01031:CDX,MXL:AMR,0.1705,0.714,0.1155
HG01046:CDX,MXL:AMR,0.215,0.5875,0.1975
HG01047:PUR,PUR:AMR,0.3025,0.066,0.6315
HG01048:PUR,PUR:AMR,0.354,0.204,0.442
HG01049:PUR,MXL:AMR,0.327,0.459,0.214
HG01051:PUR,PUR:AMR,0.1885,0.2605,0.551
HG01052:PUR,PUR:AMR,0.1905,0.096,0.7135
HG01054:PUR,CLM:AMR,0.4305,0.2325,0.337
HG01055:PUR,PUR:AMR,0.174,0.057,0.769
HG01058:PUR,PUR:AMR,0.337,0.128,0.535
HG01060:PUR,PUR:AMR,0.2085,0.1245,0.667
HG01061:PUR,PUR:AMR,0.1845,0.1465,0.669
HG01063:PUR,MXL:AMR,0.338,0.4915,0.1705
HG01064:PUR,CLM:AMR,0.6155,0.129,0.2555
HG01066:PUR,PUR:AMR,0.226,0.147,0.627
HG01067:PUR,PUR:AMR,0.404,0.136,0.46
HG01069:PUR,PUR:AMR,0.2345,0.2665,0.499
HG01070:PUR,PUR:AMR,0.206,0.212,0.582
HG01072:PUR,PUR:AMR,0.167,0.137,0.696
HG01073:PUR,PUR:AMR,0.1685,0.073,0.7585
HG01075:PUR,PUR:AMR,0.184,0.07,0.746
HG01077:PUR,CLM:AMR,0.477,0.2705,0.2525
HG01079:PUR,PUR:AMR,0.346,0.2095,0.4445
HG01080:PUR,PUR:AMR,0.2825,0.034,0.6835
HG01082:PUR,PUR:AMR,0.2995,0.1405,0.56
HG01083:PUR,PUR:AMR,0.1365,0.154,0.7095
HG01085:PUR,PUR:AMR,0.1455,0.1325,0.722
HG01086:PUR,PUR:AMR,0.325,0.3225,0.3525
HG01088:PUR,CLM:AMR,0.5415,0.1645,0.294
HG01089:PUR,MXL:AMR,0.326,0.346,0.328
HG01092:PUR,PUR:AMR,0.283,0.121,0.596
HG01094:PUR,CLM:AMR,0.4915,0.1325,0.376
HG01095:PUR,PUR:AMR,0.204,0.21,0.586
HG01097:PUR,PUR:AMR,0.297,0.0695,0.6335
HG01098:PUR,PUR:AMR,0.3175,0.065,0.6175
HG01101:PUR,PUR:AMR,0.325,0.172,0.503
HG01102:PUR,PUR:AMR,0.2065,0.126,0.6675
HG01104:PUR,PUR:AMR,0.2135,0.051,0.7355
HG01105:PUR,PUR:AMR,0.168,0.088,0.744
HG01107:PUR,PUR:AMR,0.2575,0.122,0.6205
HG01108:PUR,PUR:AMR,0.246,0.2015,0.5525
HG01110:PUR,CLM:AMR,0.5355,0.25,0.2145
HG01111:PUR,CLM:AMR,0.475,0.213,0.312
HG01112:CLM,CLM:AMR,0.8215,0.0885,0.09
HG01113:CLM,CLM:AMR,0.6585,0.1335,0.208
HG01119:CLM,CLM:AMR,0.5255,0.0855,0.389
HG01121:CLM,MXL:AMR,0.3005,0.5345,0.165
HG01122:CLM,CLM:AMR,0.419,0.329,0.252
HG01124:CLM,CLM:AMR,0.6985,0.1475,0.154
HG01125:CLM,CLM:AMR,0.679,0.142,0.179
HG01130:CLM,MXL:AMR,0.3315,0.477,0.1915
HG01131:CLM,MXL:AMR,0.3465,0.3715,0.282
HG01133:CLM,CLM:AMR,0.6405,0.1055,0.254
HG01134:CLM,CLM:AMR,0.6185,0.1865,0.195
HG01136:CLM,CLM:AMR,0.7285,0.1955,0.076
HG01137:CLM,CLM:AMR,0.7325,0.198,0.0695
HG01139:CLM,MXL:AMR,0.253,0.4225,0.3245
HG01140:CLM,CLM:AMR,0.89,0.049,0.061
HG01142:CLM,MXL:AMR,0.3695,0.4915,0.139
HG01148:CLM,CLM:AMR,0.619,0.233,0.148
HG01149:CLM,CLM:AMR,0.63,0.2685,0.1015
HG01161:PUR,MXL:AMR,0.279,0.433,0.288
HG01162:PUR,CLM:AMR,0.484,0.344,0.172
HG01164:PUR,PUR:AMR,0.388,0.2105,0.4015
HG01167:PUR,PUR:AMR,0.2155,0.125,0.6595
HG01168:PUR,PUR:AMR,0.272,0.0865,0.6415
HG01170:PUR,PUR:AMR,0.149,0.2705,0.5805
HG01171:PUR,PUR:AMR,0.2215,0.1705,0.608
HG01173:PUR,PUR:AMR,0.271,0.046,0.683
HG01174:PUR,PUR:AMR,0.3545,0.097,0.5485
HG01176:PUR,PUR:AMR,0.31,0.1725,0.5175
HG01177:PUR,PUR:AMR,0.3525,0.211,0.4365
HG01182:PUR,MXL:AMR,0.274,0.634,0.092
HG01183:PUR,PUR:AMR,0.241,0.181,0.578
HG01187:PUR,PUR:AMR,0.158,0.1885,0.6535
HG01188:PUR,PUR:AMR,0.232,0.061,0.707
HG01190:PUR,PUR:AMR,0.1525,0.1815,0.666
HG01191:PUR,PUR:AMR,0.176,0.2965,0.5275
HG01197:PUR,PUR:AMR,0.1445,0.166,0.6895
HG01198:PUR,PUR:AMR,0.202,0.105,0.693
HG01200:PUR,CLM:AMR,0.466,0.185,0.349
HG01204:PUR,PUR:AMR,0.233,0.0865,0.6805
HG01205:PUR,PUR:AMR,0.243,0.2175,0.5395
HG01241:PUR,PUR:AMR,0.3045,0.258,0.4375
HG01242:PUR,CLM:AMR,0.5295,0.261,0.2095
HG01247:PUR,PUR:AMR,0.3575,0.2585,0.384
HG01248:PUR,MXL:AMR,0.2295,0.568,0.2025
HG01250:CLM,CLM:AMR,0.5255,0.4065,0.068
HG01251:CLM,CLM:AMR,0.737,0.1615,0.1015
HG01253:CLM,MXL:AMR,0.2865,0.4415,0.272
HG01254:CLM,MXL:AMR,0.3655,0.459,0.1755
HG01256:CLM,CLM:AMR,0.6015,0.3325,0.066
HG01257:CLM,CLM:AMR,0.5535,0.283,0.1635
HG01259:CLM,CLM:AMR,0.4505,0.425,0.1245
HG01260:CLM,PUR:AMR,0.364,0.135,0.501
HG01269:CLM,CLM:AMR,0.5595,0.2965,0.144
HG01271:CLM,CLM:AMR,0.778,0.1,0.122
HG01272:CLM,CLM:AMR,0.6105,0.2635,0.126
HG01275:CLM,CLM:AMR,0.5595,0.097,0.3435
HG01277:CLM,CLM:AMR,0.783,0.1135,0.1035
HG01280:CLM,CLM:AMR,0.4595,0.135,0.4055
HG01281:CLM,PUR:AMR,0.2415,0.364,0.3945
HG01284:CLM,CLM:AMR,0.517,0.271,0.212
HG01286:PUR,PUR:AMR,0.3645,0.15,0.4855
HG01302:PUR,CLM:AMR,0.4705,0.245,0.2845
HG01303:PUR,PUR:AMR,0.333,0.1475,0.5195
HG01305:PUR,CLM:AMR,0.3815,0.27,0.3485
HG01308:PUR,PUR:AMR,0.3265,0.267,0.4065
HG01311:PUR,CLM:AMR,0.4735,0.262,0.2645
HG01312:PUR,CLM:AMR,0.5715,0.162,0.2665
HG01323:PUR,PUR:AMR,0.404,0.1545,0.4415
HG01325:PUR,CLM:AMR,0.38,0.3605,0.2595
HG01326:PUR,CLM:AMR,0.4795,0.2535,0.267
HG01334:GBR,CLM:AMR,0.384,0.2465,0.3695
HG01341:CLM,MXL:AMR,0.37,0.5045,0.1255
HG01342:CLM,CLM:AMR,0.787,0.128,0.085
HG01344:CLM,CLM:AMR,0.623,0.3275,0.0495
HG01345:CLM,CLM:AMR,0.5975,0.2375,0.165
HG01348:CLM,CLM:AMR,0.4915,0.3825,0.126
HG01350:CLM,CLM:AMR,0.6655,0.2795,0.055
HG01351:CLM,CLM:AMR,0.7125,0.2535,0.034
HG01353:CLM,CLM:AMR,0.64,0.1225,0.2375
HG01354:CLM,CLM:AMR,0.752,0.1785,0.0695
HG01356:CLM,CLM:AMR,0.5355,0.302,0.1625
HG01357:CLM,CLM:AMR,0.601,0.17,0.229
HG01359:CLM,CLM:AMR,0.594,0.3425,0.0635
HG01360:CLM,CLM:AMR,0.738,0.126,0.136
HG01362:CLM,MXL:AMR,0.357,0.3935,0.2495
HG01363:CLM,MXL:AMR,0.3985,0.4935,0.108
HG01365:CLM,CLM:AMR,0.733,0.121,0.146
HG01366:CLM,CLM:AMR,0.613,0.2805,0.1065
HG01369:CLM,MXL:AMR,0.272,0.5905,0.1375
HG01372:CLM,CLM:AMR,0.4295,0.2725,0.298
HG01374:CLM,CLM:AMR,0.7445,0.117,0.1385
HG01375:CLM,MXL:AMR,0.411,0.502,0.087
HG01377:CLM,CLM:AMR,0.5685,0.155,0.2765
HG01378:CLM,CLM:AMR,0.6895,0.2115,0.099
HG01383:CLM,CLM:AMR,0.593,0.3425,0.0645
HG01384:CLM,CLM:AMR,0.7135,0.1235,0.163
HG01389:CLM,CLM:AMR,0.567,0.0725,0.3605
HG01390:CLM,CLM:AMR,0.5675,0.3255,0.107
HG01392:PUR,PUR:AMR,0.214,0.3875,0.3985
HG01393:PUR,CLM:AMR,0.486,0.3605,0.1535
HG01395:PUR,PUR:AMR,0.314,0.308,0.378
HG01396:PUR,CLM:AMR,0.379,0.2855,0.3355
HG01398:PUR,PUR:AMR,0.383,0.171,0.446
HG01402:PUR,CLM:AMR,0.3705,0.325,0.3045
HG01403:PUR,PUR:AMR,0.385,0.123,0.492
HG01405:PUR,PUR:AMR,0.2245,0.1715,0.604
HG01412:PUR,CLM:AMR,0.507,0.1545,0.3385
HG01413:PUR,MXL:AMR,0.301,0.377,0.322
HG01414:PUR,CLM:AMR,0.542,0.179,0.279
HG01431:CLM,MXL:AMR,0.192,0.684,0.124
HG01432:CLM,CLM:AMR,0.6705,0.0925,0.237
HG01435:CLM,CLM:AMR,0.4125,0.3745,0.213
HG01437:CLM,CLM:AMR,0.6015,0.143,0.2555
HG01438:CLM,PUR:AMR,0.256,0.3145,0.4295
HG01440:CLM,CLM:AMR,0.4875,0.4155,0.097
HG01441:CLM,CLM:AMR,0.7225,0.2395,0.038
HG01443:CLM,MXL:AMR,0.267,0.582,0.151
HG01444:CLM,PUR:AMR,0.182,0.353,0.465
HG01447:CLM,MXL:AMR,0.2895,0.5665,0.144
HG01455:CLM,CLM:AMR,0.6885,0.1395,0.172
HG01456:CLM,CLM:AMR,0.7415,0.188,0.0705
HG01459:CLM,MXL:AMR,0.265,0.5615,0.1735
HG01461:CLM,CLM:AMR,0.631,0.2675,0.1015
HG01462:CLM,CLM:AMR,0.7585,0.134,0.1075
HG01464:CLM,CLM:AMR,0.4955,0.254,0.2505
HG01465:CLM,CLM:AMR,0.7185,0.2005,0.081
HG01468:CLM,CLM:AMR,0.5415,0.149,0.3095
HG01474:CLM,CLM:AMR,0.389,0.2335,0.3775
HG01479:CLM,CLM:AMR,0.34,0.3235,0.3365
HG01485:CLM,MXL:AMR,0.1895,0.5145,0.296
HG01486:CLM,MXL:AMR,0.363,0.472,0.165
HG01488:CLM,CLM:AMR,0.63,0.3005,0.0695
HG01489:CLM,CLM:AMR,0.634,0.1805,0.1855
HG01491:CLM,CLM:AMR,0.6565,0.0825,0.261
HG01492:CLM,CLM:AMR,0.6595,0.2895,0.051
HG01494:CLM,CLM:AMR,0.6225,0.2965,0.081
HG01495:CLM,CLM:AMR,0.555,0.2185,0.2265
HG01497:CLM,CLM:AMR,0.6675,0.1435,0.189
HG01498:CLM,CLM:AMR,0.8245,0.144,0.0315
HG01500:IBS,PUR:AMR,0.286,0.218,0.496
HG01501:IBS,PUR:AMR,0.274,0.143,0.583
HG01503:IBS,PUR:AMR,0.3675,0.135,0.4975
HG01504:IBS,CLM:AMR,0.4,0.322,0.278
HG01506:IBS,CLM:AMR,0.4085,0.252,0.3395
HG01507:IBS,CLM:AMR,0.4545,0.122,0.4235
HG01509:IBS,PUR:AMR,0.3685,0.1285,0.503
HG01510:IBS,PUR:AMR,0.21,0.084,0.706
HG01512:IBS,CLM:AMR,0.6815,0.057,0.2615
HG01513:IBS,CLM:AMR,0.4755,0.205,0.3195
HG01515:IBS,CLM:AMR,0.4625,0.1045,0.433
HG01516:IBS,CLM:AMR,0.4535,0.125,0.4215
HG01518:IBS,CLM:AMR,0.37,0.2715,0.3585
HG01519:IBS,CLM:AMR,0.562,0.149,0.289
HG01521:IBS,CLM:AMR,0.5135,0.0995,0.387
HG01522:IBS,PUR:AMR,0.312,0.256,0.432
HG01524:IBS,PUR:AMR,0.36,0.0885,0.5515
HG01525:IBS,CLM:AMR,0.519,0.3465,0.1345
HG01527:IBS,PUR:AMR,0.1735,0.1125,0.714
HG01528:IBS,CLM:AMR,0.517,0.236,0.247
HG01530:IBS,CLM:AMR,0.532,0.197,0.271
HG01531:IBS,PUR:AMR,0.419,0.159,0.422
HG01536:IBS,CLM:AMR,0.6165,0.1935,0.19
HG01537:IBS,PUR:AMR,0.304,0.092,0.604
HG01550:CLM,CLM:AMR,0.693,0.1985,0.1085
HG01551:CLM,CLM:AMR,0.5705,0.2555,0.174
HG01556:CLM,CLM:AMR,0.662,0.244,0.094
HG01565:PEL,MXL:AMR,0.271,0.668,0.061
HG01566:PEL,MXL:AMR,0.2895,0.3775,0.333
HG01571:PEL,MXL:AMR,0.266,0.531,0.203
HG01572:PEL,MXL:AMR,0.2605,0.662,0.0775
HG01577:PEL,CLM:AMR,0.3785,0.2885,0.333
HG01578:PEL,MXL:AMR,0.21,0.6695,0.1205
HG01583:PJL,MXL:AMR,0.208,0.452,0.34
HG01586:PJL,CLM:AMR,0.5305,0.139,0.3305
HG01589:PJL,CLM:AMR,0.5655,0.1525,0.282
HG01593:PJL,MXL:AMR,0.237,0.384,0.379
HG01595:KHV,MXL:AMR,0.1655,0.6735,0.161
HG01596:KHV,MXL:AMR,0.1925,0.5635,0.244
HG01597:KHV,MXL:AMR,0.1255,0.801,0.0735
HG01598:KHV,CLM:AMR,0.4515,0.2255,0.323
HG01599:KHV,MXL:AMR,0.296,0.6125,0.0915
HG01600:KHV,MXL:AMR,0.175,0.591,0.234
HG01602:IBS,PUR:AMR,0.2045,0.314,0.4815
HG01603:IBS,PUR:AMR,0.262,0.1145,0.6235
HG01605:IBS,MXL:AMR,0.289,0.5385,0.1725
HG01606:IBS,CLM:AMR,0.4975,0.1305,0.372
HG01607:IBS,PUR:AMR,0.316,0.13,0.554
HG01608:IBS,CLM:AMR,0.5385,0.231,0.2305
HG01610:IBS,CLM:AMR,0.5825,0.0655,0.352
HG01612:IBS,PUR:AMR,0.2625,0.355,0.3825
HG01613:IBS,PUR:AMR,0.336,0.2885,0.3755
HG01615:IBS,PUR:AMR,0.21,0.1665,0.6235
HG01617:IBS,CLM:AMR,0.5975,0.085,0.3175
HG01618:IBS,PUR:AMR,0.328,0.1825,0.4895
HG01619:IBS,PUR:AMR,0.3555,0.198,0.4465
HG01620:IBS,CLM:AMR,0.348,0.317,0.335
HG01623:IBS,PUR:AMR,0.3585,0.1375,0.504
HG01624:IBS,CLM:AMR,0.505,0.195,0.3
HG01625:IBS,PUR:AMR,0.3775,0.2025,0.42
HG01626:IBS,PUR:AMR,0.3935,0.203,0.4035
HG01628:IBS,CLM:AMR,0.4765,0.1445,0.379
HG01630:IBS,PUR:AMR,0.292,0.1415,0.5665
HG01631:IBS,PUR:AMR,0.3975,0.1665,0.436
HG01632:IBS,CLM:AMR,0.548,0.124,0.328
HG01668:IBS,PUR:AMR,0.31,0.1395,0.5505
HG01669:IBS,CLM:AMR,0.569,0.082,0.349
HG01670:IBS,PUR:AMR,0.2495,0.2735,0.477
HG01672:IBS,PUR:AMR,0.2645,0.1545,0.581
HG01673:IBS,PUR:AMR,0.2295,0.113,0.6575
HG01675:IBS,CLM:AMR,0.458,0.162,0.38
HG01676:IBS,PUR:AMR,0.397,0.1785,0.4245
HG01678:IBS,CLM:AMR,0.4425,0.4275,0.13
HG01679:IBS,PUR:AMR,0.3595,0.2645,0.376
HG01680:IBS,PUR:AMR,0.354,0.2225,0.4235
HG01682:IBS,PUR:AMR,0.3265,0.1075,0.566
HG01684:IBS,PUR:AMR,0.2435,0.119,0.6375
HG01685:IBS,PUR:AMR,0.2155,0.1395,0.645
HG01686:IBS,PUR:AMR,0.3745,0.181,0.4445
HG01694:IBS,CLM:AMR,0.4705,0.2285,0.301
HG01695:IBS,CLM:AMR,0.478,0.2375,0.2845
HG01697:IBS,PUR:AMR,0.3885,0.222,0.3895
HG01699:IBS,PUR:AMR,0.2975,0.2235,0.479
HG01700:IBS,CLM:AMR,0.5895,0.054,0.3565
HG01702:IBS,CLM:AMR,0.4445,0.1835,0.372
HG01704:IBS,CLM:AMR,0.4265,0.1615,0.412
HG01705:IBS,CLM:AMR,0.5875,0.243,0.1695
HG01707:IBS,PUR:AMR,0.3605,0.1605,0.479
HG01708:IBS,CLM:AMR,0.3945,0.2805,0.325
HG01709:IBS,CLM:AMR,0.4115,0.256,0.3325
HG01710:IBS,CLM:AMR,0.576,0.226,0.198
HG01746:IBS,CLM:AMR,0.375,0.2725,0.3525
HG01747:IBS,PUR:AMR,0.3295,0.208,0.4625
HG01756:IBS,CLM:AMR,0.4845,0.114,0.4015
HG01757:IBS,CLM:AMR,0.571,0.1705,0.2585
HG01761:IBS,CLM:AMR,0.655,0.165,0.18
HG01762:IBS,PUR:AMR,0.3455,0.2225,0.432
HG01765:IBS,CLM:AMR,0.546,0.1355,0.3185
HG01766:IBS,PUR:AMR,0.4245,0.1255,0.45
HG01767:IBS,PUR:AMR,0.318,0.229,0.453
HG01768:IBS,CLM:AMR,0.532,0.181,0.287
HG01770:IBS,PUR:AMR,0.34,0.199,0.461
HG01771:IBS,CLM:AMR,0.577,0.1395,0.2835
HG01773:IBS,CLM:AMR,0.4835,0.268,0.2485
HG01775:IBS,CLM:AMR,0.4825,0.094,0.4235
HG01776:IBS,CLM:AMR,0.537,0.2055,0.2575
HG01777:IBS,PUR:AMR,0.3385,0.1835,0.478
HG01779:IBS,PUR:AMR,0.3315,0.2485,0.42
HG01781:IBS,MXL:AMR,0.348,0.3695,0.2825
HG01783:IBS,PUR:AMR,0.268,0.258,0.474
HG01784:IBS,MXL:AMR,0.296,0.4255,0.2785
HG01785:IBS,MXL:AMR,0.1795,0.5735,0.247
HG01786:IBS,MXL:AMR,0.348,0.3505,0.3015
HG01789:GBR,CLM:AMR,0.46,0.229,0.311
HG01790:GBR,CLM:AMR,0.581,0.2435,0.1755
HG01791:GBR,CLM:AMR,0.392,0.232,0.376
HG01794:CDX,MXL:AMR,0.268,0.641,0.091
HG01795:CDX,MXL:AMR,0.23,0.4085,0.3615
HG01796:CDX,MXL:AMR,0.267,0.612,0.121
HG01797:CDX,MXL:AMR,0.1785,0.621,0.2005
HG01798:CDX,MXL:AMR,0.1905,0.6985,0.111
HG01799:CDX,MXL:AMR,0.2975,0.519,0.1835
HG01800:CDX,MXL:AMR,0.235,0.4255,0.3395
HG01801:CDX,MXL:AMR,0.2535,0.555,0.1915
HG01802:CDX,MXL:AMR,0.2555,0.6485,0.096
HG01804:CDX,MXL:AMR,0.25,0.6165,0.1335
HG01805:CDX,MXL:AMR,0.174,0.749,0.077
HG01806:CDX,MXL:AMR,0.316,0.425,0.259
HG01807:CDX,MXL:AMR,0.141,0.767,0.092
HG01808:CDX,MXL:AMR,0.1875,0.6925,0.12
HG01809:CDX,MXL:AMR,0.212,0.6295,0.1585
HG01810:CDX,MXL:AMR,0.2945,0.5335,0.172
HG01811:CDX,MXL:AMR,0.3785,0.433,0.1885
HG01812:CDX,MXL:AMR,0.2835,0.619,0.0975
HG01813:CDX,MXL:AMR,0.3365,0.455,0.2085
HG01815:CDX,MXL:AMR,0.2225,0.6265,0.151
HG01816:CDX,MXL:AMR,0.205,0.6445,0.1505
HG01817:CDX,MXL:AMR,0.239,0.5065,0.2545
HG01840:KHV,MXL:AMR,0.1865,0.5135,0.3
HG01841:KHV,MXL:AMR,0.1755,0.685,0.1395
HG01842:KHV,MXL:AMR,0.1905,0.5945,0.215
HG01843:KHV,MXL:AMR,0.21,0.631,0.159
HG01844:KHV,MXL:AMR,0.1535,0.7645,0.082
HG01845:KHV,MXL:AMR,0.225,0.6565,0.1185
HG01846:KHV,MXL:AMR,0.149,0.525,0.326
HG01847:KHV,MXL:AMR,0.269,0.6255,0.1055
HG01848:KHV,MXL:AMR,0.2445,0.616,0.1395
HG01849:KHV,MXL:AMR,0.183,0.57,0.247
HG01850:KHV,MXL:AMR,0.2755,0.6015,0.123
HG01851:KHV,MXL:AMR,0.246,0.539,0.215
HG01852:KHV,MXL:AMR,0.1085,0.8085,0.083
HG01853:KHV,MXL:AMR,0.23,0.4685,0.3015
HG01855:KHV,MXL:AMR,0.1575,0.6055,0.237
HG01857:KHV,MXL:AMR,0.2815,0.461,0.2575
HG01858:KHV,MXL:AMR,0.194,0.5365,0.2695
HG01859:KHV,PUR:AMR,0.33,0.332,0.338
HG01860:KHV,MXL:AMR,0.1755,0.7025,0.122
HG01861:KHV,MXL:AMR,0.188,0.5095,0.3025
HG01862:KHV,MXL:AMR,0.1665,0.693,0.1405
HG01863:KHV,MXL:AMR,0.2225,0.5725,0.205
HG01864:KHV,MXL:AMR,0.2925,0.489,0.2185
HG01865:KHV,MXL:AMR,0.212,0.65,0.138
HG01866:KHV,MXL:AMR,0.303,0.51,0.187
HG01867:KHV,MXL:AMR,0.277,0.543,0.18
HG01868:KHV,MXL:AMR,0.222,0.699,0.079
HG01869:KHV,MXL:AMR,0.162,0.742,0.096
HG01870:KHV,CLM:AMR,0.441,0.405,0.154
HG01871:KHV,MXL:AMR,0.2595,0.5175,0.223
HG01872:KHV,MXL:AMR,0.17,0.5765,0.2535
HG01873:KHV,MXL:AMR,0.324,0.4595,0.2165
HG01874:KHV,MXL:AMR,0.2515,0.676,0.0725
HG01878:KHV,MXL:AMR,0.233,0.66,0.107
HG01879:ACB,PUR:AMR,0.326,0.1465,0.5275
HG01880:ACB,MXL:AMR,0.2655,0.4635,0.271
HG01882:ACB,CLM:AMR,0.4605,0.218,0.3215
HG01883:ACB,PUR:AMR,0.27,0.261,0.469
HG01885:ACB,PUR:AMR,0.301,0.178,0.521
HG01886:ACB,PUR:AMR,0.3945,0.1335,0.472
HG01889:ACB,PUR:AMR,0.3225,0.3255,0.352
HG01890:ACB,PUR:AMR,0.353,0.2225,0.4245
HG01892:PEL,MXL:AMR,0.1765,0.6815,0.142
HG01893:PEL,MXL:AMR,0.1715,0.646,0.1825
HG01894:ACB,PUR:AMR,0.3745,0.168,0.4575
HG01896:ACB,CLM:AMR,0.4575,0.1575,0.385
HG01912:ACB,PUR:AMR,0.265,0.254,0.481
HG01914:ACB,CLM:AMR,0.3975,0.245,0.3575
HG01915:ACB,PUR:AMR,0.363,0.2535,0.3835
HG01917:PEL,MXL:AMR,0.1715,0.774,0.0545
HG01918:PEL,MXL:AMR,0.19,0.747,0.063
HG01920:PEL,MXL:AMR,0.0845,0.869,0.0465
HG01921:PEL,MXL:AMR,0.2315,0.694,0.0745
HG01923:PEL,MXL:AMR,0.112,0.869,0.019
HG01924:PEL,MXL:AMR,0.438,0.4755,0.0865
HG01926:PEL,MXL:AMR,0.1445,0.8265,0.029
HG01927:PEL,MXL:AMR,0.1905,0.765,0.0445
HG01932:PEL,MXL:AMR,0.272,0.702,0.026
HG01933:PEL,MXL:AMR,0.136,0.793,0.071
HG01935:PEL,MXL:AMR,0.2075,0.66,0.1325
HG01936:PEL,MXL:AMR,0.417,0.442,0.141
HG01938:PEL,MXL:AMR,0.2625,0.6545,0.083
HG01939:PEL,MXL:AMR,0.291,0.619,0.09
HG01941:PEL,MXL:AMR,0.2925,0.535,0.1725
HG01942:PEL,MXL:AMR,0.099,0.8065,0.0945
HG01944:PEL,MXL:AMR,0.333,0.392,0.275
HG01945:PEL,MXL:AMR,0.3215,0.603,0.0755
HG01947:PEL,MXL:AMR,0.252,0.6555,0.0925
HG01948:PEL,MXL:AMR,0.334,0.6055,0.0605
HG01950:PEL,MXL:AMR,0.264,0.658,0.078
HG01951:PEL,MXL:AMR,0.236,0.688,0.076
HG01953:PEL,MXL:AMR,0.2395,0.7275,0.033
HG01954:PEL,MXL:AMR,0.3435,0.574,0.0825
HG01956:ACB,PUR:AMR,0.1265,0.1115,0.762
HG01958:ACB,PUR:AMR,0.2625,0.351,0.3865
HG01961:PEL,MXL:AMR,0.2065,0.686,0.1075
HG01965:PEL,MXL:AMR,0.3455,0.4565,0.198
HG01967:PEL,MXL:AMR,0.199,0.752,0.049
HG01968:PEL,MXL:AMR,0.1555,0.7625,0.082
HG01970:PEL,MXL:AMR,0.2515,0.551,0.1975
HG01971:PEL,CLM:AMR,0.5295,0.4,0.0705
HG01973:PEL,MXL:AMR,0.144,0.709,0.147
HG01974:PEL,MXL:AMR,0.1905,0.73,0.0795
HG01976:PEL,MXL:AMR,0.32,0.502,0.178
HG01977:PEL,MXL:AMR,0.0585,0.913,0.0285
HG01979:PEL,MXL:AMR,0.207,0.7515,0.0415
HG01980:PEL,MXL:AMR,0.229,0.713,0.058
HG01982:PEL,MXL:AMR,0.4535,0.471,0.0755
HG01985:ACB,PUR:AMR,0.307,0.2625,0.4305
HG01986:ACB,PUR:AMR,0.351,0.146,0.503
HG01988:ACB,CLM:AMR,0.415,0.2615,0.3235
HG01989:ACB,PUR:AMR,0.3085,0.259,0.4325
HG01990:ACB,PUR:AMR,0.2385,0.1465,0.615
HG01991:PEL,MXL:AMR,0.21,0.7535,0.0365
HG01992:PEL,MXL:AMR,0.2255,0.6705,0.104
HG01997:PEL,CLM:AMR,0.4935,0.4265,0.08
HG02002:PEL,MXL:AMR,0.3205,0.6145,0.065
HG02003:PEL,MXL:AMR,0.248,0.675,0.077
HG02006:PEL,MXL:AMR,0.3115,0.5495,0.139
HG02008:PEL,MXL:AMR,0.34,0.5815,0.0785
HG02009:ACB,CLM:AMR,0.3695,0.276,0.3545
HG02010:ACB,PUR:AMR,0.2155,0.2495,0.535
HG02012:ACB,PUR:AMR,0.3845,0.163,0.4525
HG02013:ACB,CLM:AMR,0.4115,0.325,0.2635
HG02014:ACB,PUR:AMR,0.272,0.2845,0.4435
HG02016:KHV,MXL:AMR,0.348,0.5375,0.1145
HG02017:KHV,MXL:AMR,0.1825,0.723,0.0945
HG02019:KHV,MXL:AMR,0.196,0.595,0.209
HG02020:KHV,MXL:AMR,0.272,0.6245,0.1035
HG02023:KHV,MXL:AMR,0.175,0.6215,0.2035
HG02025:KHV,MXL:AMR,0.348,0.555,0.097
HG02026:KHV,MXL:AMR,0.1845,0.494,0.3215
HG02028:KHV,PUR:AMR,0.2445,0.331,0.4245
HG02029:KHV,MXL:AMR,0.2335,0.569,0.1975
HG02031:KHV,MXL:AMR,0.2425,0.554,0.2035
HG02032:KHV,MXL:AMR,0.176,0.53,0.294
HG02035:KHV,MXL:AMR,0.2415,0.5245,0.234
HG02040:KHV,MXL:AMR,0.176,0.6345,0.1895
HG02047:KHV,MXL:AMR,0.107,0.7315,0.1615
HG02048:KHV,MXL:AMR,0.2515,0.5475,0.201
HG02049:KHV,MXL:AMR,0.1705,0.7585,0.071
HG02050:KHV,MXL:AMR,0.252,0.4145,0.3335
HG02051:ACB,PUR:AMR,0.3375,0.1425,0.52
HG02052:ACB,PUR:AMR,0.352,0.275,0.373
HG02053:ACB,CLM:AMR,0.412,0.3285,0.2595
HG02054:ACB,PUR:AMR,0.406,0.136,0.458
HG02057:KHV,MXL:AMR,0.1145,0.77,0.1155
HG02058:KHV,MXL:AMR,0.2395,0.6385,0.122
HG02060:KHV,MXL:AMR,0.083,0.8155,0.1015
HG02061:KHV,MXL:AMR,0.243,0.6615,0.0955
HG02064:KHV,MXL:AMR,0.241,0.65,0.109
HG02067:KHV,MXL:AMR,0.2975,0.5435,0.159
HG02069:KHV,MXL:AMR,0.1925,0.6875,0.12
HG02070:KHV,MXL:AMR,0.1295,0.712,0.1585
HG02072:KHV,MXL:AMR,0.4015,0.4055,0.193
HG02073:KHV,MXL:AMR,0.218,0.694,0.088
HG02075:KHV,MXL:AMR,0.1675,0.5975,0.235
HG02076:KHV,MXL:AMR,0.2585,0.6885,0.053
HG02078:KHV,MXL:AMR,0.2185,0.6145,0.167
HG02079:KHV,MXL:AMR,0.2105,0.6845,0.105
HG02081:KHV,MXL:AMR,0.1325,0.6695,0.198
HG02082:KHV,MXL:AMR,0.247,0.639,0.114
HG02084:KHV,CLM:AMR,0.386,0.37,0.244
HG02085:KHV,MXL:AMR,0.2155,0.6195,0.165
HG02086:KHV,MXL:AMR,0.244,0.604,0.152
HG02087:KHV,MXL:AMR,0.1015,0.7985,0.1
HG02088:KHV,MXL:AMR,0.2525,0.6815,0.066
HG02089:PEL,MXL:AMR,0.251,0.6215,0.1275
HG02090:PEL,CLM:AMR,0.451,0.301,0.248
HG02095:ACB,PUR:AMR,0.223,0.239,0.538
HG02102:PEL,MXL:AMR,0.218,0.6925,0.0895
HG02104:PEL,MXL:AMR,0.165,0.816,0.019
HG02105:PEL,CLM:AMR,0.4955,0.4665,0.038
HG02107:ACB,CLM:AMR,0.4315,0.28,0.2885
HG02108:ACB,PUR:AMR,0.233,0.0755,0.6915
HG02111:ACB,PUR:AMR,0.275,0.1125,0.6125
HG02113:KHV,MXL:AMR,0.2605,0.5125,0.227
HG02116:KHV,MXL:AMR,0.1675,0.6175,0.215
HG02121:KHV,MXL:AMR,0.2365,0.5925,0.171
HG02122:KHV,MXL:AMR,0.191,0.7155,0.0935
HG02127:KHV,MXL:AMR,0.231,0.5765,0.1925
HG02128:KHV,MXL:AMR,0.262,0.584,0.154
HG02130:KHV,MXL:AMR,0.187,0.7535,0.0595
HG02131:KHV,MXL:AMR,0.1655,0.695,0.1395
HG02133:KHV,MXL:AMR,0.1295,0.7445,0.126
HG02134:KHV,MXL:AMR,0.2465,0.544,0.2095
HG02136:KHV,MXL:AMR,0.177,0.714,0.109
HG02137:KHV,MXL:AMR,0.2255,0.627,0.1475
HG02138:KHV,MXL:AMR,0.298,0.498,0.204
HG02139:KHV,MXL:AMR,0.3355,0.349,0.3155
HG02140:KHV,MXL:AMR,0.246,0.551,0.203
HG02141:KHV,MXL:AMR,0.171,0.5705,0.2585
HG02142:KHV,MXL:AMR,0.1745,0.723,0.1025
HG02143:ACB,CLM:AMR,0.3625,0.344,0.2935
HG02144:ACB,PUR:AMR,0.2385,0.3255,0.436
HG02146:PEL,MXL:AMR,0.147,0.7435,0.1095
HG02147:PEL,MXL:AMR,0.092,0.846,0.062
HG02150:PEL,MXL:AMR,0.1435,0.7695,0.087
HG02151:CDX,MXL:AMR,0.139,0.7025,0.1585
HG02152:CDX,MXL:AMR,0.324,0.6035,0.0725
HG02153:CDX,MXL:AMR,0.21,0.6045,0.1855
HG02154:CDX,MXL:AMR,0.255,0.5575,0.1875
HG02155:CDX,MXL:AMR,0.1135,0.7535,0.133
HG02156:CDX,MXL:AMR,0.1815,0.6065,0.212
HG02164:CDX,CLM:AMR,0.4075,0.31,0.2825
HG02165:CDX,MXL:AMR,0.199,0.6125,0.1885
HG02166:CDX,MXL:AMR,0.3555,0.368,0.2765
HG02178:CDX,MXL:AMR,0.377,0.389,0.234
HG02179:CDX,MXL:AMR,0.1615,0.69,0.1485
HG02180:CDX,MXL:AMR,0.297,0.4115,0.2915
HG02181:CDX,MXL:AMR,0.2665,0.532,0.2015
HG02182:CDX,MXL:AMR,0.2675,0.613,0.1195
HG02184:CDX,MXL:AMR,0.346,0.5725,0.0815
HG02185:CDX,MXL:AMR,0.2735,0.49,0.2365
HG02186:CDX,MXL:AMR,0.2245,0.639,0.1365
HG02187:CDX,MXL:AMR,0.1795,0.637,0.1835
HG02188:CDX,MXL:AMR,0.1735,0.6135,0.213
HG02190:CDX,MXL:AMR,0.158,0.685,0.157
HG02215:GBR,CLM:AMR,0.438,0.154,0.408
HG02219:IBS,MXL:AMR,0.255,0.41,0.335
HG02220:IBS,PUR:AMR,0.34,0.2485,0.4115
HG02221:IBS,CLM:AMR,0.4415,0.209,0.3495
HG02223:IBS,CLM:AMR,0.6925,0.141,0.1665
HG02224:IBS,CLM:AMR,0.463,0.2605,0.2765
HG02230:IBS,CLM:AMR,0.5665,0.237,0.1965
HG02231:IBS,PUR:AMR,0.442,0.1085,0.4495
HG02232:IBS,CLM:AMR,0.563,0.107,0.33
HG02233:IBS,PUR:AMR,0.276,0.1565,0.5675
HG02235:IBS,CLM:AMR,0.443,0.2205,0.3365
HG02236:IBS,PUR:AMR,0.3785,0.1855,0.436
HG02238:IBS,PUR:AMR,0.376,0.2335,0.3905
HG02239:IBS,CLM:AMR,0.4205,0.265,0.3145
HG02250:CDX,MXL:AMR,0.218,0.587,0.195
HG02252:PEL,MXL:AMR,0.2,0.7295,0.0705
HG02253:PEL,MXL:AMR,0.406,0.507,0.087
HG02255:ACB,CLM:AMR,0.43,0.372,0.198
HG02256:ACB,CLM:AMR,0.364,0.347,0.289
HG02259:PEL,MXL:AMR,0.1715,0.74,0.0885
HG02260:PEL,MXL:AMR,0.345,0.5575,0.0975
HG02262:PEL,MXL:AMR,0.1735,0.738,0.0885
HG02265:PEL,MXL:AMR,0.343,0.596,0.061
HG02266:PEL,MXL:AMR,0.316,0.608,0.076
HG02271:PEL,CLM:AMR,0.4855,0.465,0.0495
HG02272:PEL,MXL:AMR,0.1795,0.7685,0.052
HG02274:PEL,MXL:AMR,0.3375,0.6105,0.052
HG02275:PEL,MXL:AMR,0.349,0.5525,0.0985
HG02277:PEL,CLM:AMR,0.4155,0.2665,0.318
HG02278:PEL,MXL:AMR,0.2635,0.6755,0.061
HG02281:ACB,PUR:AMR,0.3455,0.168,0.4865
HG02282:ACB,PUR:AMR,0.1545,0.0755,0.77
HG02283:ACB,CLM:AMR,0.3825,0.28,0.3375
HG02284:ACB,CLM:AMR,0.4815,0.249,0.2695
HG02285:PEL,MXL:AMR,0.1855,0.7175,0.097
HG02286:PEL,CLM:AMR,0.514,0.439,0.047
HG02291:PEL,MXL:AMR,0.1575,0.8045,0.038
HG02292:PEL,MXL:AMR,0.1835,0.7905,0.026
HG02298:PEL,MXL:AMR,0.267,0.595,0.138
HG02299:PEL,MXL:AMR,0.282,0.623,0.095
HG02301:PEL,MXL:AMR,0.2825,0.615,0.1025
HG02304:PEL,MXL:AMR,0.1855,0.792,0.0225
HG02307:ACB,CLM:AMR,0.4425,0.1295,0.428
HG02308:ACB,MXL:AMR,0.3085,0.3835,0.308
HG02309:ACB,CLM:AMR,0.391,0.38,0.229
HG02312:PEL,MXL:AMR,0.044,0.9225,0.0335
HG02314:ACB,PUR:AMR,0.3135,0.0955,0.591
HG02315:ACB,PUR:AMR,0.307,0.2095,0.4835
HG02317:ACB,CLM:AMR,0.4685,0.12,0.4115
HG02318:ACB,PUR:AMR,0.3365,0.1965,0.467
HG02322:ACB,PUR:AMR,0.2095,0.2165,0.574
HG02323:ACB,CLM:AMR,0.547,0.1655,0.2875
HG02325:ACB,PUR:AMR,0.27,0.3015,0.4285
HG02330:ACB,PUR:AMR,0.356,0.1995,0.4445
HG02332:ACB,PUR:AMR,0.329,0.1805,0.4905
HG02334:ACB,CLM:AMR,0.3885,0.2255,0.386
HG02337:ACB,PUR:AMR,0.219,0.081,0.7
HG02339:ACB,PUR:AMR,0.175,0.394,0.431
HG02343:ACB,PUR:AMR,0.3485,0.228,0.4235
HG02345:PEL,MXL:AMR,0.265,0.654,0.081
HG02348:PEL,CLM:AMR,0.561,0.3105,0.1285
HG02351:CDX,MXL:AMR,0.191,0.663,0.146
HG02353:CDX,MXL:AMR,0.124,0.754,0.122
HG02355:CDX,MXL:AMR,0.3195,0.54,0.1405
HG02356:CDX,MXL:AMR,0.2715,0.507,0.2215
HG02360:CDX,MXL:AMR,0.27,0.5335,0.1965
HG02364:CDX,MXL:AMR,0.2305,0.6375,0.132
HG02367:CDX,MXL:AMR,0.1815,0.674,0.1445
HG02371:CDX,MXL:AMR,0.2035,0.6035,0.193
HG02373:CDX,MXL:AMR,0.294,0.4735,0.2325
HG02374:CDX,MXL:AMR,0.1155,0.781,0.1035
HG02375:CDX,MXL:AMR,0.269,0.5735,0.1575
HG02379:CDX,MXL:AMR,0.2485,0.6735,0.078
HG02380:CDX,PUR:AMR,0.319,0.2255,0.4555
HG02382:CDX,MXL:AMR,0.394,0.408,0.198
HG02383:CDX,MXL:AMR,0.2805,0.5215,0.198
HG02384:CDX,CLM:AMR,0.4485,0.398,0.1535
HG02385:CDX,MXL:AMR,0.3625,0.5825,0.055
HG02386:CDX,MXL:AMR,0.2255,0.5835,0.191
HG02389:CDX,MXL:AMR,0.137,0.744,0.119
HG02390:CDX,MXL:AMR,0.308,0.614,0.078
HG02391:CDX,MXL:AMR,0.219,0.74,0.041
HG02392:CDX,MXL:AMR,0.2675,0.5365,0.196
HG02394:CDX,MXL:AMR,0.3495,0.3605,0.29
HG02395:CDX,MXL:AMR,0.1765,0.5965,0.227
HG02396:CDX,MXL:AMR,0.225,0.63,0.145
HG02397:CDX,MXL:AMR,0.293,0.537,0.17
HG02398:CDX,MXL:AMR,0.182,0.6405,0.1775
HG02399:CDX,MXL:AMR,0.3295,0.3925,0.278
HG02401:CDX,MXL:AMR,0.162,0.6815,0.1565
HG02402:CDX,MXL:AMR,0.226,0.479,0.295
HG02406:CDX,MXL:AMR,0.3875,0.392,0.2205
HG02407:CDX,MXL:AMR,0.3185,0.4805,0.201
HG02408:CDX,MXL:AMR,0.2935,0.499,0.2075
HG02409:CDX,MXL:AMR,0.162,0.6605,0.1775
HG02410:CDX,MXL:AMR,0.1695,0.7535,0.077
HG02419:ACB,PUR:AMR,0.3565,0.197,0.4465
HG02420:ACB,PUR:AMR,0.209,0.1915,0.5995
HG02425:PEL,CLM:AMR,0.658,0.2155,0.1265
HG02427:ACB,CLM:AMR,0.614,0.2315,0.1545
HG02429:ACB,MXL:AMR,0.283,0.3855,0.3315
HG02433:ACB,MXL:AMR,0.3625,0.4375,0.2
HG02439:ACB,PUR:AMR,0.385,0.1325,0.4825
HG02442:ACB,PUR:AMR,0.291,0.2645,0.4445
HG02445:ACB,MXL:AMR,0.291,0.487,0.222
HG02449:ACB,PUR:AMR,0.2575,0.166,0.5765
HG02450:ACB,PUR:AMR,0.23,0.3705,0.3995
HG02455:ACB,CLM:AMR,0.45,0.177,0.373
HG02461:GWD,CLM:AMR,0.5025,0.208,0.2895
HG02462:GWD,PUR:AMR,0.248,0.3525,0.3995
HG02464:GWD,PUR:AMR,0.2215,0.3645,0.414
HG02465:GWD,PUR:AMR,0.412,0.118,0.47
HG02470:ACB,CLM:AMR,0.414,0.3085,0.2775
HG02471:ACB,PUR:AMR,0.2595,0.154,0.5865
HG02476:ACB,PUR:AMR,0.419,0.1555,0.4255
HG02477:ACB,PUR:AMR,0.3575,0.211,0.4315
HG02479:ACB,PUR:AMR,0.246,0.374,0.38
HG02481:ACB,PUR:AMR,0.267,0.352,0.381
HG02484:ACB,PUR:AMR,0.26,0.131,0.609
HG02485:ACB,PUR:AMR,0.3025,0.1,0.5975
HG02489:ACB,MXL:AMR,0.269,0.4165,0.3145
HG02490:PJL,MXL:AMR,0.2615,0.5725,0.166
HG02491:PJL,PUR:AMR,0.3455,0.2275,0.427
HG02493:PJL,CLM:AMR,0.4665,0.121,0.4125
HG02494:PJL,MXL:AMR,0.218,0.565,0.217
HG02496:ACB,MXL:AMR,0.248,0.482,0.27
HG02497:ACB,CLM:AMR,0.4615,0.157,0.3815
HG02501:ACB,CLM:AMR,0.3405,0.336,0.3235
HG02502:ACB,PUR:AMR,0.396,0.153,0.451
HG02505:ACB,PUR:AMR,0.3345,0.2335,0.432
HG02508:ACB,CLM:AMR,0.3645,0.3315,0.304
HG02511:ACB,PUR:AMR,0.272,0.2605,0.4675
HG02512:KHV,MXL:AMR,0.277,0.5145,0.2085
HG02513:KHV,MXL:AMR,0.2915,0.561,0.1475
HG02521:KHV,MXL:AMR,0.1085,0.767,0.1245
HG02522:KHV,MXL:AMR,0.226,0.695,0.079
HG02536:ACB,PUR:AMR,0.323,0.095,0.582
HG02537:ACB,MXL:AMR,0.353,0.368,0.279
HG02541:ACB,PUR:AMR,0.373,0.1245,0.5025
HG02545:ACB,PUR:AMR,0.3075,0.3455,0.347
HG02546:ACB,PUR:AMR,0.342,0.202,0.456
HG02549:ACB,MXL:AMR,0.196,0.4945,0.3095
HG02554:ACB,PUR:AMR,0.2575,0.093,0.6495
HG02555:ACB,PUR:AMR,0.2685,0.134,0.5975
HG02557:ACB,PUR:AMR,0.2325,0.2695,0.498
HG02558:ACB,PUR:AMR,0.3,0.1475,0.5525
HG02561:GWD,PUR:AMR,0.1415,0.174,0.6845
HG02562:GWD,CLM:AMR,0.4675,0.1195,0.413
HG02568:GWD,PUR:AMR,0.2305,0.1525,0.617
HG02570:GWD,PUR:AMR,0.229,0.1585,0.6125
HG02571:GWD,CLM:AMR,0.4475,0.324,0.2285
HG02573:GWD,PUR:AMR,0.357,0.1555,0.4875
HG02574:GWD,PUR:AMR,0.2695,0.1575,0.573
HG02577:ACB,PUR:AMR,0.281,0.0595,0.6595
HG02580:ACB,PUR:AMR,0.3185,0.179,0.5025
HG02582:GWD,PUR:AMR,0.3125,0.101,0.5865
HG02583:GWD,PUR:AMR,0.3665,0.19,0.4435
HG02585:GWD,PUR:AMR,0.2815,0.1475,0.571
HG02586:GWD,PUR:AMR,0.388,0.194,0.418
HG02588:GWD,PUR:AMR,0.2525,0.2455,0.502
HG02589:GWD,PUR:AMR,0.313,0.2045,0.4825
HG02594:GWD,PUR:AMR,0.2955,0.1125,0.592
HG02595:GWD,PUR:AMR,0.2025,0.1175,0.68
HG02597:PJL,CLM:AMR,0.3665,0.353,0.2805
HG02600:PJL,CLM:AMR,0.3855,0.381,0.2335
HG02601:PJL,PUR:AMR,0.2085,0.3015,0.49
HG02603:PJL,CLM:AMR,0.4245,0.351,0.2245
HG02604:PJL,CLM:AMR,0.4845,0.225,0.2905
HG02610:GWD,PUR:AMR,0.268,0.329,0.403
HG02611:GWD,CLM:AMR,0.447,0.132,0.421
HG02613:GWD,PUR:AMR,0.266,0.166,0.568
HG02614:GWD,PUR:AMR,0.165,0.1605,0.6745
HG02620:GWD,PUR:AMR,0.2925,0.169,0.5385
HG02621:GWD,PUR:AMR,0.325,0.169,0.506
HG02623:GWD,PUR:AMR,0.325,0.1445,0.5305
HG02624:GWD,PUR:AMR,0.364,0.1705,0.4655
HG02628:GWD,PUR:AMR,0.323,0.2595,0.4175
HG02629:GWD,PUR:AMR,0.2205,0.3005,0.479
