file,result,CLM:AMR,MXL:AMR,PUR:AMR
HG00096:GBR,CLM:AMR,0.607,0.258,0.135
HG00097:GBR,CLM:AMR,0.4555,0.341,0.2035
HG00099:GBR,CLM:AMR,0.5,0.2975,0.2025
HG00100:GBR,CLM:AMR,0.4175,0.2925,0.29
HG00101:GBR,CLM:AMR,0.493,0.294,0.213
HG00102:GBR,CLM:AMR,0.434,0.3865,0.1795
HG00103:GBR,CLM:AMR,0.483,0.278,0.239
HG00105:GBR,CLM:AMR,0.537,0.35,0.113
HG00106:GBR,CLM:AMR,0.5445,0.1895,0.266
HG00107:GBR,CLM:AMR,0.529,0.248,0.223
HG00108:GBR,CLM:AMR,0.4665,0.2575,0.276
HG00109:GBR,MXL:AMR,0.2525,0.5985,0.149
HG00110:GBR,CLM:AMR,0.447,0.296,0.257
HG00111:GBR,CLM:AMR,0.4395,0.2295,0.331
HG00112:GBR,CLM:AMR,0.4375,0.2355,0.327
HG00113:GBR,CLM:AMR,0.5895,0.242,0.1685
HG00114:GBR,CLM:AMR,0.4475,0.258,0.2945
HG00115:GBR,CLM:AMR,0.7115,0.111,0.1775
HG00116:GBR,CLM:AMR,0.6075,0.1855,0.207
HG00117:GBR,MXL:AMR,0.316,0.421,0.263
HG00118:GBR,CLM:AMR,0.443,0.357,0.2
HG00119:GBR,CLM:AMR,0.422,0.406,0.172
HG00120:GBR,CLM:AMR,0.446,0.349,0.205
HG00121:GBR,CLM:AMR,0.5545,0.242,0.2035
HG00122:GBR,CLM:AMR,0.483,0.2965,0.2205
HG00123:GBR,CLM:AMR,0.439,0.3025,0.2585
HG00125:GBR,CLM:AMR,0.5855,0.194,0.2205
HG00126:GBR,CLM:AMR,0.5345,0.2835,0.182
HG00127:GBR,MXL:AMR,0.3555,0.4365,0.208
HG00128:GBR,CLM:AMR,0.6155,0.1925,0.192
HG00129:GBR,CLM:AMR,0.6215,0.1765,0.202
HG00130:GBR,CLM:AMR,0.4555,0.2575,0.287
HG00131:GBR,CLM:AMR,0.3815,0.338,0.2805
HG00132:GBR,CLM:AMR,0.4645,0.3035,0.232
HG00133:GBR,CLM:AMR,0.418,0.3965,0.1855
HG00136:GBR,CLM:AMR,0.525,0.3405,0.1345
HG00137:GBR,MXL:AMR,0.3985,0.5115,0.09
HG00138:GBR,CLM:AMR,0.599,0.2725,0.1285
HG00139:GBR,CLM:AMR,0.593,0.2155,0.1915
HG00140:GBR,CLM:AMR,0.6075,0.214,0.1785
HG00141:GBR,CLM:AMR,0.7255,0.1455,0.129
HG00142:GBR,CLM:AMR,0.454,0.3,0.246
HG00143:GBR,CLM:AMR,0.544,0.205,0.251
HG00145:GBR,CLM:AMR,0.546,0.2775,0.1765
HG00146:GBR,CLM:AMR,0.418,0.333,0.249
HG00148:GBR,CLM:AMR,0.442,0.3435,0.2145
HG00149:GBR,CLM:AMR,0.449,0.23,0.321
HG00150:GBR,CLM:AMR,0.545,0.2215,0.2335
HG00151:GBR,CLM:AMR,0.531,0.2505,0.2185
HG00154:GBR,CLM:AMR,0.5055,0.2365,0.258
HG00155:GBR,CLM:AMR,0.4535,0.407,0.1395
HG00157:GBR,CLM:AMR,0.543,0.3125,0.1445
HG00158:GBR,MXL:AMR,0.291,0.522,0.187
HG00159:GBR,CLM:AMR,0.5915,0.133,0.2755
HG00160:GBR,MXL:AMR,0.328,0.4955,0.1765
HG00171:FIN,MXL:AMR,0.349,0.373,0.278
HG00173:FIN,CLM:AMR,0.3655,0.312,0.3225
HG00174:FIN,CLM:AMR,0.511,0.235,0.254
HG00176:FIN,CLM:AMR,0.4015,0.319,0.2795
HG00177:FIN,CLM:AMR,0.4205,0.4025,0.177
HG00178:FIN,CLM:AMR,0.4395,0.402,0.1585
HG00179:FIN,MXL:AMR,0.421,0.4285,0.1505
HG00180:FIN,CLM:AMR,0.582,0.284,0.134
HG00181:FIN,MXL:AMR,0.366,0.487,0.147
HG00182:FIN,MXL:AMR,0.3765,0.43,0.1935
HG00183:FIN,MXL:AMR,0.3185,0.4385,0.243
HG00185:FIN,CLM:AMR,0.4445,0.3055,0.25
HG00186:FIN,MXL:AMR,0.327,0.342,0.331
HG00187:FIN,CLM:AMR,0.53,0.211,0.259
HG00188:FIN,CLM:AMR,0.5455,0.225,0.2295
HG00189:FIN,CLM:AMR,0.4765,0.287,0.2365
HG00190:FIN,CLM:AMR,0.4745,0.339,0.1865
HG00231:GBR,CLM:AMR,0.438,0.282,0.28
HG00232:GBR,CLM:AMR,0.5205,0.2745,0.205
HG00233:GBR,CLM:AMR,0.4575,0.311,0.2315
HG00234:GBR,CLM:AMR,0.4295,0.39,0.1805
HG00235:GBR,CLM:AMR,0.5685,0.331,0.1005
HG00236:GBR,CLM:AMR,0.474,0.4,0.126
HG00237:GBR,CLM:AMR,0.409,0.325,0.266
HG00238:GBR,CLM:AMR,0.5345,0.3445,0.121
HG00239:GBR,CLM:AMR,0.4785,0.4275,0.094
HG00240:GBR,CLM:AMR,0.562,0.343,0.095
HG00242:GBR,CLM:AMR,0.504,0.3045,0.1915
HG00243:GBR,CLM:AMR,0.556,0.21,0.234
HG00244:GBR,CLM:AMR,0.5645,0.341,0.0945
HG00245:GBR,CLM:AMR,0.476,0.323,0.201
HG00246:GBR,MXL:AMR,0.3415,0.4765,0.182
HG00250:GBR,CLM:AMR,0.412,0.3375,0.2505
HG00251:GBR,CLM:AMR,0.494,0.311,0.195
HG00252:GBR,CLM:AMR,0.483,0.3165,0.2005
HG00253:GBR,CLM:AMR,0.5185,0.284,0.1975
HG00254:GBR,MXL:AMR,0.3225,0.512,0.1655
HG00255:GBR,CLM:AMR,0.5945,0.2205,0.185
HG00256:GBR,CLM:AMR,0.431,0.43,0.139
HG00257:GBR,CLM:AMR,0.5225,0.337,0.1405
HG00258:GBR,CLM:AMR,0.6255,0.1865,0.188
HG00259:GBR,MXL:AMR,0.398,0.4045,0.1975
HG00260:GBR,CLM:AMR,0.6075,0.249,0.1435
HG00261:GBR,CLM:AMR,0.4575,0.3495,0.193
HG00262:GBR,MXL:AMR,0.3345,0.5145,0.151
HG00263:GBR,CLM:AMR,0.4585,0.3575,0.184
HG00264:GBR,CLM:AMR,0.452,0.3815,0.1665
HG00265:GBR,CLM:AMR,0.4785,0.269,0.2525
HG00266:FIN,CLM:AMR,0.49,0.3375,0.1725
HG00267:FIN,CLM:AMR,0.454,0.3505,0.1955
HG00268:FIN,CLM:AMR,0.5645,0.3775,0.058
HG00269:FIN,CLM:AMR,0.5295,0.18,0.2905
HG00271:FIN,MXL:AMR,0.3765,0.557,0.0665
HG00272:FIN,MXL:AMR,0.3355,0.5685,0.096
HG00273:FIN,MXL:AMR,0.219,0.666,0.115
HG00274:FIN,MXL:AMR,0.284,0.5315,0.1845
HG00275:FIN,MXL:AMR,0.3445,0.3725,0.283
HG00276:FIN,MXL:AMR,0.407,0.4255,0.1675
HG00277:FIN,CLM:AMR,0.4595,0.386,0.1545
HG00278:FIN,MXL:AMR,0.417,0.427,0.156
HG00280:FIN,CLM:AMR,0.5065,0.2585,0.235
HG00281:FIN,MXL:AMR,0.3765,0.4635,0.16
HG00282:FIN,MXL:AMR,0.2975,0.4335,0.269
HG00284:FIN,MXL:AMR,0.428,0.4785,0.0935
HG00285:FIN,CLM:AMR,0.47,0.4115,0.1185
HG00288:FIN,CLM:AMR,0.4435,0.3415,0.215
HG00290:FIN,CLM:AMR,0.4835,0.3415,0.175
HG00304:FIN,MXL:AMR,0.326,0.4435,0.2305
HG00306:FIN,CLM:AMR,0.5775,0.3325,0.09
HG00308:FIN,CLM:AMR,0.623,0.1455,0.2315
HG00309:FIN,MXL:AMR,0.3525,0.5095,0.138
HG00310:FIN,CLM:AMR,0.4515,0.4235,0.125
HG00311:FIN,MXL:AMR,0.2865,0.5055,0.208
HG00313:FIN,CLM:AMR,0.6215,0.2355,0.143
HG00315:FIN,CLM:AMR,0.421,0.2005,0.3785
HG00318:FIN,MXL:AMR,0.3325,0.493,0.1745
HG00319:FIN,CLM:AMR,0.5675,0.2935,0.139
HG00320:FIN,MXL:AMR,0.341,0.465,0.194
HG00321:FIN,CLM:AMR,0.5205,0.335,0.1445
HG00323:FIN,CLM:AMR,0.573,0.2645,0.1625
HG00324:FIN,CLM:AMR,0.506,0.2985,0.1955
HG00325:FIN,CLM:AMR,0.6585,0.1685,0.173
HG00326:FIN,MXL:AMR,0.303,0.429,0.268
HG00327:FIN,MXL:AMR,0.2875,0.519,0.1935
HG00328:FIN,CLM:AMR,0.435,0.3285,0.2365
HG00329:FIN,CLM:AMR,0.5105,0.2865,0.203
HG00330:FIN,CLM:AMR,0.4195,0.3195,0.261
HG00331:FIN,CLM:AMR,0.488,0.3525,0.1595
HG00332:FIN,CLM:AMR,0.487,0.2925,0.2205
HG00334:FIN,MXL:AMR,0.3625,0.4505,0.187
HG00335:FIN,CLM:AMR,0.5115,0.259,0.2295
HG00336:FIN,CLM:AMR,0.3755,0.3405,0.284
HG00337:FIN,CLM:AMR,0.465,0.4315,0.1035
HG00338:FIN,MXL:AMR,0.337,0.526,0.137
HG00339:FIN,CLM:AMR,0.626,0.1905,0.1835
HG00341:FIN,CLM:AMR,0.3965,0.3575,0.246
HG00342:FIN,MXL:AMR,0.293,0.524,0.183
HG00343:FIN,MXL:AMR,0.3795,0.4725,0.148
HG00344:FIN,CLM:AMR,0.5265,0.302,0.1715
HG00345:FIN,MXL:AMR,0.373,0.377,0.25
HG00346:FIN,CLM:AMR,0.445,0.35,0.205
HG00349:FIN,CLM:AMR,0.438,0.347,0.215
HG00350:FIN,CLM:AMR,0.5395,0.218,0.2425
HG00351:FIN,MXL:AMR,0.339,0.408,0.253
HG00353:FIN,MXL:AMR,0.311,0.432,0.257
HG00355:FIN,CLM:AMR,0.482,0.2535,0.2645
HG00356:FIN,CLM:AMR,0.5705,0.241,0.1885
HG00357:FIN,CLM:AMR,0.502,0.287,0.211
HG00358:FIN,MXL:AMR,0.362,0.4085,0.2295
HG00360:FIN,MXL:AMR,0.359,0.365,0.276
HG00361:FIN,CLM:AMR,0.4345,0.3425,0.223
HG00362:FIN,CLM:AMR,0.5715,0.257,0.1715
HG00364:FIN,CLM:AMR,0.431,0.3065,0.2625
HG00365:FIN,MXL:AMR,0.393,0.399,0.208
HG00366:FIN,CLM:AMR,0.432,0.3605,0.2075
HG00367:FIN,CLM:AMR,0.569,0.1465,0.2845
HG00368:FIN,MXL:AMR,0.4295,0.4785,0.092
HG00369:FIN,CLM:AMR,0.642,0.152,0.206
HG00371:FIN,MXL:AMR,0.364,0.4285,0.2075
HG00372:FIN,CLM:AMR,0.5495,0.3165,0.134
HG00373:FIN,MXL:AMR,0.348,0.4815,0.1705
HG00375:FIN,CLM:AMR,0.5845,0.277,0.1385
HG00376:FIN,CLM:AMR,0.567,0.226,0.207
HG00378:FIN,CLM:AMR,0.4695,0.35,0.1805
HG00379:FIN,CLM:AMR,0.486,0.1915,0.3225
HG00380:FIN,CLM:AMR,0.413,0.2305,0.3565
HG00381:FIN,CLM:AMR,0.624,0.233,0.143
HG00382:FIN,MXL:AMR,0.333,0.512,0.155
HG00383:FIN,MXL:AMR,0.3315,0.4525,0.216
HG00384:FIN,CLM:AMR,0.452,0.3905,0.1575
HG00403:CHS,MXL:AMR,0.334,0.5435,0.1225
HG00404:CHS,MXL:AMR,0.2375,0.4975,0.265
HG00406:CHS,MXL:AMR,0.3225,0.516,0.1615
HG00407:CHS,MXL:AMR,0.24,0.4415,0.3185
HG00409:CHS,CLM:AMR,0.4305,0.3815,0.188
HG00410:CHS,MXL:AMR,0.3335,0.4295,0.237
HG00419:CHS,MXL:AMR,0.274,0.4075,0.3185
HG00421:CHS,MXL:AMR,0.1975,0.7025,0.1
HG00422:CHS,MXL:AMR,0.363,0.451,0.186
HG00428:CHS,MXL:AMR,0.3775,0.4985,0.124
HG00436:CHS,MXL:AMR,0.2105,0.5215,0.268
HG00437:CHS,MXL:AMR,0.238,0.5765,0.1855
HG00442:CHS,MXL:AMR,0.2425,0.4535,0.304
HG00443:CHS,MXL:AMR,0.2755,0.4765,0.248
HG00445:CHS,MXL:AMR,0.2505,0.6275,0.122
HG00446:CHS,MXL:AMR,0.3805,0.385,0.2345
HG00448:CHS,MXL:AMR,0.288,0.6135,0.0985
HG00449:CHS,MXL:AMR,0.302,0.5645,0.1335
HG00451:CHS,MXL:AMR,0.346,0.4915,0.1625
HG00452:CHS,MXL:AMR,0.202,0.6945,0.1035
HG00457:CHS,MXL:AMR,0.163,0.616,0.221
HG00458:CHS,MXL:AMR,0.229,0.6165,0.1545
HG00463:CHS,MXL:AMR,0.3145,0.4695,0.216
HG00464:CHS,MXL:AMR,0.1985,0.492,0.3095
HG00472:CHS,MXL:AMR,0.3075,0.4465,0.246
HG00473:CHS,MXL:AMR,0.3555,0.4815,0.163
HG00475:CHS,MXL:AMR,0.2325,0.664,0.1035
HG00476:CHS,MXL:AMR,0.193,0.554,0.253
HG00478:CHS,MXL:AMR,0.164,0.714,0.122
HG00479:CHS,MXL:AMR,0.2055,0.6945,0.1
HG00500:CHS,MXL:AMR,0.2955,0.583,0.1215
HG00513:CHS,MXL:AMR,0.252,0.6085,0.1395
HG00524:CHS,MXL:AMR,0.2255,0.6825,0.092
HG00525:CHS,MXL:AMR,0.1715,0.673,0.1555
HG00530:CHS,MXL:AMR,0.347,0.4635,0.1895
HG00531:CHS,MXL:AMR,0.3595,0.43,0.2105
HG00533:CHS,MXL:AMR,0.3375,0.4515,0.211
HG00534:CHS,MXL:AMR,0.111,0.773,0.116
HG00536:CHS,MXL:AMR,0.3635,0.414,0.2225
HG00537:CHS,MXL:AMR,0.228,0.527,0.245
HG00542:CHS,MXL:AMR,0.21,0.6195,0.1705
HG00543:CHS,MXL:AMR,0.163,0.6545,0.1825
HG00551:PUR,CLM:AMR,0.531,0.2545,0.2145
HG00553:PUR,CLM:AMR,0.4945,0.305,0.2005
HG00554:PUR,CLM:AMR,0.66,0.1675,0.1725
HG00556:CHS,MXL:AMR,0.186,0.688,0.126
HG00557:CHS,MXL:AMR,0.1155,0.7875,0.097
HG00559:CHS,MXL:AMR,0.242,0.528,0.23
HG00560:CHS,MXL:AMR,0.2625,0.567,0.1705
HG00565:CHS,MXL:AMR,0.3605,0.445,0.1945
HG00566:CHS,MXL:AMR,0.0935,0.777,0.1295
HG00580:CHS,MXL:AMR,0.3355,0.479,0.1855
HG00581:CHS,MXL:AMR,0.206,0.607,0.187
HG00583:CHS,MXL:AMR,0.29,0.5205,0.1895
HG00584:CHS,MXL:AMR,0.244,0.434,0.322
HG00589:CHS,MXL:AMR,0.284,0.518,0.198
HG00590:CHS,MXL:AMR,0.2815,0.5295,0.189
HG00592:CHS,MXL:AMR,0.185,0.658,0.157
HG00593:CHS,MXL:AMR,0.1075,0.7035,0.189
HG00595:CHS,MXL:AMR,0.286,0.467,0.247
HG00596:CHS,MXL:AMR,0.231,0.574,0.195
HG00598:CHS,MXL:AMR,0.2745,0.443,0.2825
HG00599:CHS,MXL:AMR,0.182,0.6485,0.1695
HG00607:CHS,MXL:AMR,0.2755,0.5375,0.187
HG00608:CHS,CLM:AMR,0.4125,0.396,0.1915
HG00610:CHS,MXL:AMR,0.312,0.4745,0.2135
HG00611:CHS,MXL:AMR,0.2545,0.5665,0.179
HG00613:CHS,MXL:AMR,0.2435,0.454,0.3025
HG00614:CHS,MXL:AMR,0.3575,0.5145,0.128
HG00619:CHS,MXL:AMR,0.233,0.565,0.202
HG00620:CHS,MXL:AMR,0.379,0.474,0.147
HG00622:CHS,MXL:AMR,0.3515,0.4505,0.198
HG00623:CHS,CLM:AMR,0.41,0.408,0.182
HG00625:CHS,MXL:AMR,0.207,0.597,0.196
HG00626:CHS,MXL:AMR,0.312,0.5675,0.1205
HG00628:CHS,MXL:AMR,0.24,0.5995,0.1605
HG00629:CHS,MXL:AMR,0.14,0.6895,0.1705
HG00631:CHS,MXL:AMR,0.2475,0.4685,0.284
HG00632:CHS,MXL:AMR,0.335,0.441,0.224
HG00634:CHS,MXL:AMR,0.272,0.484,0.244
HG00637:PUR,CLM:AMR,0.4345,0.227,0.3385
HG00638:PUR,CLM:AMR,0.4345,0.3165,0.249
HG00640:PUR,CLM:AMR,0.531,0.2435,0.2255
HG00641:PUR,CLM:AMR,0.384,0.367,0.249
HG00650:CHS,CLM:AMR,0.3815,0.326,0.2925
HG00651:CHS,CLM:AMR,0.3925,0.35,0.2575
HG00653:CHS,MXL:AMR,0.279,0.4645,0.2565
HG00654:CHS,MXL:AMR,0.1705,0.721,0.1085
HG00656:CHS,MXL:AMR,0.295,0.548,0.157
HG00657:CHS,MXL:AMR,0.1525,0.5405,0.307
HG00662:CHS,MXL:AMR,0.3045,0.492,0.2035
HG00663:CHS,MXL:AMR,0.251,0.543,0.206
HG00671:CHS,CLM:AMR,0.4145,0.35,0.2355
HG00672:CHS,MXL:AMR,0.2215,0.584,0.1945
HG00674:CHS,MXL:AMR,0.1105,0.8475,0.042
HG00675:CHS,MXL:AMR,0.208,0.531,0.261
HG00683:CHS,MXL:AMR,0.253,0.469,0.278
HG00684:CHS,MXL:AMR,0.2535,0.468,0.2785
HG00689:CHS,MXL:AMR,0.2425,0.561,0.1965
HG00690:CHS,MXL:AMR,0.286,0.581,0.133
HG00692:CHS,MXL:AMR,0.33,0.4825,0.1875
HG00693:CHS,MXL:AMR,0.332,0.491,0.177
HG00698:CHS,MXL:AMR,0.385,0.426,0.189
HG00699:CHS,MXL:AMR,0.247,0.4945,0.2585
HG00701:CHS,MXL:AMR,0.143,0.6485,0.2085
HG00704:CHS,MXL:AMR,0.3045,0.527,0.1685
HG00705:CHS,MXL:AMR,0.2325,0.6265,0.141
HG00707:CHS,MXL:AMR,0.1785,0.715,0.1065
HG00708:CHS,MXL:AMR,0.319,0.433,0.248
HG00717:CHS,MXL:AMR,0.4075,0.419,0.1735
HG00728:CHS,MXL:AMR,0.189,0.686,0.125
HG00729:CHS,CLM:AMR,0.434,0.3015,0.2645
HG00731:PUR,CLM:AMR,0.417,0.3145,0.2685
HG00732:PUR,CLM:AMR,0.3895,0.2675,0.343
HG00734:PUR,CLM:AMR,0.4955,0.245,0.2595
HG00736:PUR,CLM:AMR,0.5105,0.214,0.2755
HG00737:PUR,CLM:AMR,0.527,0.2975,0.1755
HG00739:PUR,MXL:AMR,0.397,0.4255,0.1775
HG00740:PUR,CLM:AMR,0.45,0.362,0.188
HG00742:PUR,MXL:AMR,0.405,0.4755,0.1195
HG00743:PUR,MXL:AMR,0.323,0.485,0.192
HG00759:CDX,MXL:AMR,0.385,0.4775,0.1375
HG00766:CDX,MXL:AMR,0.257,0.6105,0.1325
HG00844:CDX,MXL:AMR,0.2735,0.539,0.1875
HG00851:CDX,CLM:AMR,0.367,0.3565,0.2765
HG00864:CDX,CLM:AMR,0.551,0.3165,0.1325
HG00867:CDX,MXL:AMR,0.2265,0.5045,0.269
HG00879:CDX,MXL:AMR,0.254,0.586,0.16
HG00881:CDX,CLM:AMR,0.4395,0.379,0.1815
HG00956:CDX,MXL:AMR,0.395,0.4045,0.2005
HG00978:CDX,MXL:AMR,0.219,0.5615,0.2195
HG00982:CDX,MXL:AMR,0.229,0.6725,0.0985
HG01028:CDX,MXL:AMR,0.336,0.416,0.248
HG01029:CDX,CLM:AMR,0.484,0.3335,0.1825
HG01031:CDX,MXL:AMR,0.247,0.571,0.182
HG01046:CDX,MXL:AMR,0.3125,0.4865,0.201
HG01047:PUR,CLM:AMR,0.527,0.1995,0.2735
HG01048:PUR,MXL:AMR,0.3735,0.4495,0.177
HG01049:PUR,CLM:AMR,0.406,0.384,0.21
HG01051:PUR,CLM:AMR,0.446,0.325,0.229
HG01052:PUR,CLM:AMR,0.3445,0.3285,0.327
HG01054:PUR,MXL:AMR,0.4005,0.4105,0.189
HG01055:PUR,CLM:AMR,0.452,0.2565,0.2915
HG01058:PUR,CLM:AMR,0.4585,0.333,0.2085
HG01060:PUR,MXL:AMR,0.3395,0.3705,0.29
HG01061:PUR,MXL:AMR,0.3535,0.3715,0.275
HG01063:PUR,MXL:AMR,0.3665,0.5395,0.094
HG01064:PUR,CLM:AMR,0.715,0.1645,0.1205
HG01066:PUR,MXL:AMR,0.373,0.3925,0.2345
HG01067:PUR,CLM:AMR,0.6565,0.2065,0.137
HG01069:PUR,MXL:AMR,0.3325,0.476,0.1915
HG01070:PUR,MXL:AMR,0.402,0.4175,0.1805
HG01072:PUR,CLM:AMR,0.4635,0.347,0.1895
HG01073:PUR,CLM:AMR,0.582,0.252,0.166
HG01075:PUR,CLM:AMR,0.4555,0.2825,0.262
HG01077:PUR,CLM:AMR,0.4595,0.3715,0.169
HG01079:PUR,MXL:AMR,0.3805,0.4995,0.12
HG01080:PUR,CLM:AMR,0.6065,0.2075,0.186
HG01082:PUR,CLM:AMR,0.566,0.1765,0.2575
HG01083:PUR,MXL:AMR,0.3295,0.425,0.2455
HG01085:PUR,MXL:AMR,0.4205,0.424,0.1555
HG01086:PUR,CLM:AMR,0.4565,0.3585,0.185
HG01088:PUR,CLM:AMR,0.4105,0.2495,0.34
HG01089:PUR,MXL:AMR,0.35,0.541,0.109
HG01092:PUR,CLM:AMR,0.4775,0.329,0.1935
HG01094:PUR,CLM:AMR,0.493,0.3135,0.1935
HG01095:PUR,MXL:AMR,0.3915,0.4345,0.174
HG01097:PUR,CLM:AMR,0.5755,0.197,0.2275
HG01098:PUR,CLM:AMR,0.5465,0.287,0.1665
HG01101:PUR,CLM:AMR,0.5405,0.2225,0.237
HG01102:PUR,MXL:AMR,0.3495,0.4655,0.185
HG01104:PUR,CLM:AMR,0.574,0.233,0.193
HG01105:PUR,CLM:AMR,0.4885,0.3035,0.208
HG01107:PUR,CLM:AMR,0.379,0.307,0.314
HG01108:PUR,CLM:AMR,0.4645,0.2775,0.258
HG01110:PUR,MXL:AMR,0.413,0.454,0.133
HG01111:PUR,CLM:AMR,0.4775,0.3585,0.164
HG01112:CLM,CLM:AMR,0.7575,0.1295,0.113
HG01113:CLM,CLM:AMR,0.5575,0.248,0.1945
HG01119:CLM,CLM:AMR,0.47,0.3315,0.1985
HG01121:CLM,MXL:AMR,0.303,0.4355,0.2615
HG01122:CLM,CLM:AMR,0.6025,0.2135,0.184
HG01124:CLM,CLM:AMR,0.5015,0.308,0.1905
HG01125:CLM,CLM:AMR,0.479,0.433,0.088
HG01130:CLM,MXL:AMR,0.389,0.4485,0.1625
HG01131:CLM,MXL:AMR,0.336,0.5245,0.1395
HG01133:CLM,CLM:AMR,0.581,0.192,0.227
HG01134:CLM,CLM:AMR,0.594,0.2905,0.1155
HG01136:CLM,CLM:AMR,0.5985,0.271,0.1305
HG01137:CLM,MXL:AMR,0.403,0.453,0.144
HG01139:CLM,MXL:AMR,0.3885,0.4105,0.201
HG01140:CLM,CLM:AMR,0.5275,0.37,0.1025
HG01142:CLM,CLM:AMR,0.4465,0.3595,0.194
HG01148:CLM,MXL:AMR,0.3985,0.5015,0.1
HG01149:CLM,CLM:AMR,0.463,0.3935,0.1435
HG01161:PUR,MXL:AMR,0.3055,0.4355,0.259
HG01162:PUR,CLM:AMR,0.429,0.347,0.224
HG01164:PUR,CLM:AMR,0.445,0.355,0.2
HG01167:PUR,CLM:AMR,0.605,0.2365,0.1585
HG01168:PUR,CLM:AMR,0.473,0.3355,0.1915
HG01170:PUR,CLM:AMR,0.382,0.3095,0.3085
HG01171:PUR,CLM:AMR,0.382,0.3105,0.3075
HG01173:PUR,CLM:AMR,0.5105,0.33,0.1595
HG01174:PUR,CLM:AMR,0.4625,0.2805,0.257
HG01176:PUR,CLM:AMR,0.4975,0.2905,0.212
HG01177:PUR,CLM:AMR,0.4595,0.2485,0.292
HG01182:PUR,MXL:AMR,0.192,0.7565,0.0515
HG01183:PUR,MXL:AMR,0.4265,0.462,0.1115
HG01187:PUR,MXL:AMR,0.3505,0.3575,0.292
HG01188:PUR,CLM:AMR,0.519,0.253,0.228
HG01190:PUR,CLM:AMR,0.35,0.338,0.312
HG01191:PUR,MXL:AMR,0.2515,0.4425,0.306
HG01197:PUR,CLM:AMR,0.408,0.394,0.198
HG01198:PUR,CLM:AMR,0.466,0.269,0.265
HG01200:PUR,CLM:AMR,0.6955,0.163,0.1415
HG01204:PUR,CLM:AMR,0.536,0.2455,0.2185
HG01205:PUR,MXL:AMR,0.404,0.417,0.179
HG01241:PUR,CLM:AMR,0.4705,0.324,0.2055
HG01242:PUR,CLM:AMR,0.681,0.104,0.215
HG01247:PUR,CLM:AMR,0.5705,0.2495,0.18
HG01248:PUR,MXL:AMR,0.2885,0.5205,0.191
HG01250:CLM,MXL:AMR,0.3585,0.52,0.1215
HG01251:CLM,CLM:AMR,0.488,0.379,0.133
HG01253:CLM,MXL:AMR,0.27,0.562,0.168
HG01254:CLM,MXL:AMR,0.378,0.523,0.099
HG01256:CLM,MXL:AMR,0.4325,0.4845,0.083
HG01257:CLM,CLM:AMR,0.548,0.2545,0.1975
HG01259:CLM,CLM:AMR,0.487,0.335,0.178
HG01260:CLM,CLM:AMR,0.408,0.341,0.251
HG01269:CLM,MXL:AMR,0.3715,0.5145,0.114
HG01271:CLM,CLM:AMR,0.637,0.174,0.189
HG01272:CLM,MXL:AMR,0.396,0.5035,0.1005
HG01275:CLM,CLM:AMR,0.5165,0.3455,0.138
HG01277:CLM,CLM:AMR,0.557,0.3325,0.1105
HG01280:CLM,CLM:AMR,0.3865,0.3475,0.266
HG01281:CLM,MXL:AMR,0.2615,0.4685,0.27
HG01284:CLM,MXL:AMR,0.391,0.5105,0.0985
HG01286:PUR,CLM:AMR,0.4805,0.276,0.2435
HG01302:PUR,CLM:AMR,0.4615,0.3915,0.147
HG01303:PUR,CLM:AMR,0.438,0.2255,0.3365
HG01305:PUR,CLM:AMR,0.3965,0.357,0.2465
HG01308:PUR,MXL:AMR,0.3635,0.372,0.2645
HG01311:PUR,CLM:AMR,0.4635,0.419,0.1175
HG01312:PUR,CLM:AMR,0.4545,0.342,0.2035
HG01323:PUR,CLM:AMR,0.5255,0.204,0.2705
HG01325:PUR,CLM:AMR,0.3825,0.375,0.2425
HG01326:PUR,CLM:AMR,0.4925,0.27,0.2375
HG01334:GBR,CLM:AMR,0.6285,0.254,0.1175
HG01341:CLM,MXL:AMR,0.365,0.484,0.151
HG01342:CLM,CLM:AMR,0.5265,0.228,0.2455
HG01344:CLM,CLM:AMR,0.469,0.449,0.082
HG01345:CLM,CLM:AMR,0.3835,0.3785,0.238
HG01348:CLM,MXL:AMR,0.4055,0.437,0.1575
HG01350:CLM,CLM:AMR,0.5165,0.316,0.1675
HG01351:CLM,MXL:AMR,0.265,0.613,0.122
HG01353:CLM,CLM:AMR,0.57,0.2845,0.1455
HG01354:CLM,MXL:AMR,0.3995,0.407,0.1935
HG01356:CLM,MXL:AMR,0.3925,0.4215,0.186
HG01357:CLM,CLM:AMR,0.5035,0.209,0.2875
HG01359:CLM,MXL:AMR,0.4135,0.4445,0.142
HG01360:CLM,CLM:AMR,0.494,0.4385,0.0675
HG01362:CLM,MXL:AMR,0.356,0.44,0.204
HG01363:CLM,MXL:AMR,0.4075,0.4085,0.184
HG01365:CLM,CLM:AMR,0.511,0.3255,0.1635
HG01366:CLM,CLM:AMR,0.455,0.3645,0.1805
HG01369:CLM,CLM:AMR,0.422,0.4065,0.1715
HG01372:CLM,CLM:AMR,0.5315,0.3575,0.111
HG01374:CLM,CLM:AMR,0.501,0.2635,0.2355
HG01375:CLM,MXL:AMR,0.347,0.5735,0.0795
HG01377:CLM,CLM:AMR,0.598,0.181,0.221
HG01378:CLM,CLM:AMR,0.509,0.232,0.259
HG01383:CLM,CLM:AMR,0.453,0.3665,0.1805
HG01384:CLM,CLM:AMR,0.521,0.2885,0.1905
HG01389:CLM,CLM:AMR,0.4975,0.255,0.2475
HG01390:CLM,MXL:AMR,0.359,0.492,0.149
HG01392:PUR,MXL:AMR,0.321,0.497,0.182
HG01393:PUR,MXL:AMR,0.33,0.476,0.194
HG01395:PUR,MXL:AMR,0.278,0.47,0.252
HG01396:PUR,MXL:AMR,0.3215,0.4205,0.258
HG01398:PUR,CLM:AMR,0.5385,0.3075,0.154
HG01402:PUR,MXL:AMR,0.3765,0.387,0.2365
HG01403:PUR,CLM:AMR,0.547,0.269,0.184
HG01405:PUR,CLM:AMR,0.4525,0.3495,0.198
HG01412:PUR,CLM:AMR,0.6375,0.2265,0.136
HG01413:PUR,MXL:AMR,0.366,0.3925,0.2415
HG01414:PUR,CLM:AMR,0.5115,0.275,0.2135
HG01431:CLM,MXL:AMR,0.2,0.667,0.133
HG01432:CLM,CLM:AMR,0.555,0.3035,0.1415
HG01435:CLM,MXL:AMR,0.316,0.5005,0.1835
HG01437:CLM,CLM:AMR,0.593,0.248,0.159
HG01438:CLM,CLM:AMR,0.3915,0.34,0.2685
HG01440:CLM,CLM:AMR,0.416,0.413,0.171
HG01441:CLM,CLM:AMR,0.535,0.3725,0.0925
HG01443:CLM,MXL:AMR,0.3595,0.4775,0.163
HG01444:CLM,CLM:AMR,0.3785,0.3275,0.294
HG01447:CLM,MXL:AMR,0.3145,0.554,0.1315
HG01455:CLM,CLM:AMR,0.485,0.3945,0.1205
HG01456:CLM,CLM:AMR,0.531,0.316,0.153
HG01459:CLM,MXL:AMR,0.266,0.487,0.247
HG01461:CLM,MXL:AMR,0.327,0.528,0.145
HG01462:CLM,CLM:AMR,0.56,0.293,0.147
HG01464:CLM,MXL:AMR,0.3785,0.47,0.1515
HG01465:CLM,MXL:AMR,0.376,0.5045,0.1195
HG01468:CLM,CLM:AMR,0.5645,0.286,0.1495
HG01474:CLM,CLM:AMR,0.3905,0.3815,0.228
HG01479:CLM,CLM:AMR,0.5145,0.337,0.1485
HG01485:CLM,MXL:AMR,0.2665,0.5395,0.194
HG01486:CLM,MXL:AMR,0.2355,0.644,0.1205
HG01488:CLM,MXL:AMR,0.396,0.446,0.158
HG01489:CLM,CLM:AMR,0.4415,0.4285,0.13
HG01491:CLM,CLM:AMR,0.6925,0.1305,0.177
HG01492:CLM,CLM:AMR,0.528,0.3525,0.1195
HG01494:CLM,CLM:AMR,0.5405,0.387,0.0725
HG01495:CLM,CLM:AMR,0.387,0.298,0.315
HG01497:CLM,CLM:AMR,0.5295,0.351,0.1195
HG01498:CLM,MXL:AMR,0.3705,0.566,0.0635
HG01500:IBS,CLM:AMR,0.4945,0.294,0.2115
HG01501:IBS,CLM:AMR,0.544,0.243,0.213
HG01503:IBS,CLM:AMR,0.614,0.194,0.192
HG01504:IBS,MXL:AMR,0.359,0.508,0.133
HG01506:IBS,CLM:AMR,0.5055,0.376,0.1185
HG01507:IBS,CLM:AMR,0.436,0.3965,0.1675
HG01509:IBS,CLM:AMR,0.4485,0.394,0.1575
HG01510:IBS,CLM:AMR,0.4985,0.2545,0.247
HG01512:IBS,CLM:AMR,0.7175,0.181,0.1015
HG01513:IBS,CLM:AMR,0.5045,0.354,0.1415
HG01515:IBS,CLM:AMR,0.596,0.179,0.225
HG01516:IBS,CLM:AMR,0.669,0.171,0.16
HG01518:IBS,CLM:AMR,0.3795,0.3795,0.241
HG01519:IBS,CLM:AMR,0.5635,0.2845,0.152
HG01521:IBS,CLM:AMR,0.6655,0.168,0.1665
HG01522:IBS,CLM:AMR,0.4545,0.3725,0.173
HG01524:IBS,CLM:AMR,0.552,0.2765,0.1715
HG01525:IBS,CLM:AMR,0.506,0.2855,0.2085
HG01527:IBS,CLM:AMR,0.511,0.2895,0.1995
HG01528:IBS,CLM:AMR,0.478,0.341,0.181
HG01530:IBS,CLM:AMR,0.4175,0.352,0.2305
HG01531:IBS,CLM:AMR,0.4325,0.314,0.2535
HG01536:IBS,CLM:AMR,0.5665,0.211,0.2225
HG01537:IBS,CLM:AMR,0.5685,0.1865,0.245
HG01550:CLM,MXL:AMR,0.367,0.5375,0.0955
HG01551:CLM,CLM:AMR,0.4715,0.2215,0.307
HG01556:CLM,CLM:AMR,0.4665,0.405,0.1285
HG01565:PEL,MXL:AMR,0.2135,0.7045,0.082
HG01566:PEL,MXL:AMR,0.2945,0.4445,0.261
HG01571:PEL,MXL:AMR,0.3415,0.546,0.1125
HG01572:PEL,MXL:AMR,0.3555,0.5485,0.096
HG01577:PEL,CLM:AMR,0.5175,0.2795,0.203
HG01578:PEL,MXL:AMR,0.3575,0.514,0.1285
HG01583:PJL,CLM:AMR,0.471,0.351,0.178
HG01586:PJL,CLM:AMR,0.6215,0.2025,0.176
HG01589:PJL,CLM:AMR,0.634,0.195,0.171
HG01593:PJL,CLM:AMR,0.423,0.392,0.185
HG01595:KHV,MXL:AMR,0.1815,0.634,0.1845
HG01596:KHV,MXL:AMR,0.2025,0.607,0.1905
HG01597:KHV,MXL:AMR,0.2275,0.5985,0.174
HG01598:KHV,CLM:AMR,0.5195,0.3015,0.179
HG01599:KHV,MXL:AMR,0.354,0.483,0.163
HG01600:KHV,MXL:AMR,0.1895,0.591,0.2195
HG01602:IBS,CLM:AMR,0.5185,0.2955,0.186
HG01603:IBS,CLM:AMR,0.429,0.2805,0.2905
HG01605:IBS,MXL:AMR,0.283,0.5895,0.1275
HG01606:IBS,CLM:AMR,0.565,0.1935,0.2415
HG01607:IBS,CLM:AMR,0.369,0.341,0.29
HG01608:IBS,MXL:AMR,0.3215,0.502,0.1765
HG01610:IBS,CLM:AMR,0.4935,0.2985,0.208
HG01612:IBS,CLM:AMR,0.47,0.3955,0.1345
HG01613:IBS,CLM:AMR,0.422,0.335,0.243
HG01615:IBS,CLM:AMR,0.4835,0.3415,0.175
HG01617:IBS,CLM:AMR,0.6595,0.191,0.1495
HG01618:IBS,MXL:AMR,0.391,0.4145,0.1945
HG01619:IBS,CLM:AMR,0.4245,0.374,0.2015
HG01620:IBS,CLM:AMR,0.4125,0.286,0.3015
HG01623:IBS,CLM:AMR,0.638,0.17,0.192
HG01624:IBS,CLM:AMR,0.498,0.3005,0.2015
HG01625:IBS,CLM:AMR,0.43,0.2965,0.2735
HG01626:IBS,CLM:AMR,0.395,0.3695,0.2355
HG01628:IBS,CLM:AMR,0.465,0.3705,0.1645
HG01630:IBS,CLM:AMR,0.485,0.3385,0.1765
HG01631:IBS,MXL:AMR,0.378,0.43,0.192
HG01632:IBS,CLM:AMR,0.561,0.233,0.206
HG01668:IBS,CLM:AMR,0.4175,0.3575,0.225
HG01669:IBS,CLM:AMR,0.5925,0.177,0.2305
HG01670:IBS,CLM:AMR,0.4615,0.3435,0.195
HG01672:IBS,CLM:AMR,0.416,0.297,0.287
HG01673:IBS,CLM:AMR,0.579,0.291,0.13
HG01675:IBS,CLM:AMR,0.475,0.36,0.165
HG01676:IBS,CLM:AMR,0.4005,0.3515,0.248
HG01678:IBS,MXL:AMR,0.3635,0.5335,0.103
HG01679:IBS,CLM:AMR,0.5215,0.295,0.1835
HG01680:IBS,MXL:AMR,0.3285,0.449,0.2225
HG01682:IBS,CLM:AMR,0.5385,0.237,0.2245
HG01684:IBS,CLM:AMR,0.415,0.3665,0.2185
HG01685:IBS,CLM:AMR,0.4515,0.38,0.1685
HG01686:IBS,CLM:AMR,0.47,0.3385,0.1915
HG01694:IBS,CLM:AMR,0.5885,0.29,0.1215
HG01695:IBS,CLM:AMR,0.52,0.336,0.144
HG01697:IBS,CLM:AMR,0.445,0.3525,0.2025
HG01699:IBS,MXL:AMR,0.404,0.4615,0.1345
HG01700:IBS,CLM:AMR,0.669,0.2,0.131
HG01702:IBS,CLM:AMR,0.408,0.3515,0.2405
HG01704:IBS,CLM:AMR,0.619,0.2395,0.1415
HG01705:IBS,MXL:AMR,0.38,0.4895,0.1305
HG01707:IBS,CLM:AMR,0.473,0.262,0.265
HG01708:IBS,MXL:AMR,0.386,0.484,0.13
HG01709:IBS,CLM:AMR,0.5265,0.248,0.2255
HG01710:IBS,CLM:AMR,0.687,0.158,0.155
HG01746:IBS,CLM:AMR,0.4635,0.358,0.1785
HG01747:IBS,CLM:AMR,0.5225,0.296,0.1815
HG01756:IBS,CLM:AMR,0.533,0.2265,0.2405
HG01757:IBS,CLM:AMR,0.502,0.2815,0.2165
HG01761:IBS,MXL:AMR,0.3435,0.409,0.2475
HG01762:IBS,CLM:AMR,0.4725,0.319,0.2085
HG01765:IBS,CLM:AMR,0.5045,0.3025,0.193
HG01766:IBS,CLM:AMR,0.4805,0.274,0.2455
HG01767:IBS,CLM:AMR,0.4295,0.3485,0.222
HG01768:IBS,CLM:AMR,0.5085,0.346,0.1455
HG01770:IBS,MXL:AMR,0.3735,0.3835,0.243
HG01771:IBS,CLM:AMR,0.5325,0.299,0.1685
HG01773:IBS,CLM:AMR,0.474,0.292,0.234
HG01775:IBS,CLM:AMR,0.527,0.351,0.122
HG01776:IBS,MXL:AMR,0.3765,0.527,0.0965
HG01777:IBS,CLM:AMR,0.4805,0.3165,0.203
HG01779:IBS,CLM:AMR,0.4565,0.347,0.1965
HG01781:IBS,MXL:AMR,0.2755,0.5305,0.194
HG01783:IBS,CLM:AMR,0.4265,0.3925,0.181
HG01784:IBS,MXL:AMR,0.2895,0.553,0.1575
HG01785:IBS,MXL:AMR,0.1975,0.5135,0.289
HG01786:IBS,CLM:AMR,0.456,0.335,0.209
HG01789:GBR,CLM:AMR,0.454,0.312,0.234
HG01790:GBR,MXL:AMR,0.3785,0.403,0.2185
HG01791:GBR,MXL:AMR,0.4055,0.417,0.1775
HG01794:CDX,MXL:AMR,0.3985,0.4365,0.165
HG01795:CDX,CLM:AMR,0.364,0.275,0.361
HG01796:CDX,MXL:AMR,0.3645,0.4455,0.19
HG01797:CDX,CLM:AMR,0.419,0.3505,0.2305
HG01798:CDX,MXL:AMR,0.268,0.5315,0.2005
HG01799:CDX,MXL:AMR,0.4075,0.4415,0.151
HG01800:CDX,CLM:AMR,0.386,0.3485,0.2655
HG01801:CDX,MXL:AMR,0.267,0.572,0.161
HG01802:CDX,MXL:AMR,0.2865,0.5305,0.183
HG01804:CDX,MXL:AMR,0.3065,0.5135,0.18
HG01805:CDX,MXL:AMR,0.2265,0.65,0.1235
HG01806:CDX,CLM:AMR,0.463,0.4195,0.1175
HG01807:CDX,MXL:AMR,0.1915,0.517,0.2915
HG01808:CDX,MXL:AMR,0.2665,0.513,0.2205
HG01809:CDX,MXL:AMR,0.2585,0.487,0.2545
HG01810:CDX,MXL:AMR,0.3125,0.493,0.1945
HG01811:CDX,CLM:AMR,0.418,0.3455,0.2365
HG01812:CDX,MXL:AMR,0.341,0.517,0.142
HG01813:CDX,CLM:AMR,0.4645,0.33,0.2055
HG01815:CDX,MXL:AMR,0.3305,0.5295,0.14
HG01816:CDX,CLM:AMR,0.4475,0.3175,0.235
HG01817:CDX,MXL:AMR,0.387,0.402,0.211
HG01840:KHV,MXL:AMR,0.3125,0.377,0.3105
HG01841:KHV,MXL:AMR,0.2525,0.517,0.2305
HG01842:KHV,MXL:AMR,0.2705,0.4555,0.274
HG01843:KHV,MXL:AMR,0.251,0.546,0.203
HG01844:KHV,MXL:AMR,0.1635,0.723,0.1135
HG01845:KHV,MXL:AMR,0.189,0.6195,0.1915
HG01846:KHV,MXL:AMR,0.219,0.5175,0.2635
HG01847:KHV,MXL:AMR,0.351,0.4555,0.1935
HG01848:KHV,MXL:AMR,0.3085,0.5135,0.178
HG01849:KHV,MXL:AMR,0.268,0.4875,0.2445
HG01850:KHV,MXL:AMR,0.253,0.577,0.17
HG01851:KHV,MXL:AMR,0.345,0.401,0.254
HG01852:KHV,MXL:AMR,0.141,0.7,0.159
HG01853:KHV,MXL:AMR,0.2705,0.5465,0.183
HG01855:KHV,MXL:AMR,0.2435,0.5195,0.237
HG01857:KHV,MXL:AMR,0.261,0.476,0.263
HG01858:KHV,MXL:AMR,0.346,0.4155,0.2385
HG01859:KHV,MXL:AMR,0.3465,0.3785,0.275
HG01860:KHV,MXL:AMR,0.2435,0.6055,0.151
HG01861:KHV,MXL:AMR,0.207,0.503,0.29
HG01862:KHV,MXL:AMR,0.215,0.564,0.221
HG01863:KHV,MXL:AMR,0.368,0.4495,0.1825
HG01864:KHV,MXL:AMR,0.352,0.4605,0.1875
HG01865:KHV,MXL:AMR,0.2745,0.5405,0.185
HG01866:KHV,CLM:AMR,0.408,0.3515,0.2405
HG01867:KHV,MXL:AMR,0.3445,0.351,0.3045
HG01868:KHV,MXL:AMR,0.241,0.682,0.077
HG01869:KHV,MXL:AMR,0.188,0.695,0.117
HG01870:KHV,MXL:AMR,0.278,0.512,0.21
HG01871:KHV,MXL:AMR,0.293,0.55,0.157
HG01872:KHV,MXL:AMR,0.327,0.4795,0.1935
HG01873:KHV,MXL:AMR,0.2495,0.449,0.3015
HG01874:KHV,MXL:AMR,0.219,0.7095,0.0715
HG01878:KHV,MXL:AMR,0.283,0.55,0.167
HG01879:ACB,MXL:AMR,0.368,0.4125,0.2195
HG01880:ACB,MXL:AMR,0.2415,0.4765,0.282
HG01882:ACB,CLM:AMR,0.579,0.229,0.192
HG01883:ACB,CLM:AMR,0.434,0.3835,0.1825
HG01885:ACB,CLM:AMR,0.5485,0.204,0.2475
HG01886:ACB,CLM:AMR,0.5325,0.2855,0.182
HG01889:ACB,CLM:AMR,0.4485,0.333,0.2185
HG01890:ACB,CLM:AMR,0.48,0.2725,0.2475
HG01892:PEL,MXL:AMR,0.2575,0.574,0.1685
HG01893:PEL,MXL:AMR,0.1575,0.637,0.2055
HG01894:ACB,CLM:AMR,0.7155,0.1485,0.136
HG01896:ACB,CLM:AMR,0.6055,0.227,0.1675
HG01912:ACB,CLM:AMR,0.489,0.3055,0.2055
HG01914:ACB,CLM:AMR,0.4525,0.3065,0.241
HG01915:ACB,CLM:AMR,0.4525,0.3475,0.2
HG01917:PEL,MXL:AMR,0.2955,0.5625,0.142
HG01918:PEL,MXL:AMR,0.1885,0.64,0.1715
HG01920:PEL,MXL:AMR,0.231,0.6675,0.1015
HG01921:PEL,MXL:AMR,0.235,0.5545,0.2105
HG01923:PEL,MXL:AMR,0.201,0.7425,0.0565
HG01924:PEL,MXL:AMR,0.3445,0.516,0.1395
HG01926:PEL,MXL:AMR,0.1515,0.7565,0.092
HG01927:PEL,MXL:AMR,0.183,0.685,0.132
HG01932:PEL,MXL:AMR,0.1945,0.726,0.0795
HG01933:PEL,MXL:AMR,0.26,0.629,0.111
HG01935:PEL,MXL:AMR,0.2575,0.5145,0.228
HG01936:PEL,MXL:AMR,0.238,0.6765,0.0855
HG01938:PEL,MXL:AMR,0.277,0.508,0.215
HG01939:PEL,MXL:AMR,0.3305,0.5015,0.168
HG01941:PEL,MXL:AMR,0.3475,0.504,0.1485
HG01942:PEL,MXL:AMR,0.197,0.684,0.119
HG01944:PEL,CLM:AMR,0.399,0.3765,0.2245
HG01945:PEL,MXL:AMR,0.2775,0.612,0.1105
HG01947:PEL,MXL:AMR,0.216,0.638,0.146
HG01948:PEL,MXL:AMR,0.296,0.546,0.158
HG01950:PEL,MXL:AMR,0.2575,0.5895,0.153
HG01951:PEL,MXL:AMR,0.174,0.74,0.086
HG01953:PEL,MXL:AMR,0.2,0.692,0.108
HG01954:PEL,MXL:AMR,0.3595,0.519,0.1215
HG01956:ACB,CLM:AMR,0.465,0.2455,0.2895
HG01958:ACB,CLM:AMR,0.4565,0.347,0.1965
HG01961:PEL,MXL:AMR,0.2845,0.6245,0.091
HG01965:PEL,MXL:AMR,0.3585,0.4655,0.176
HG01967:PEL,MXL:AMR,0.295,0.5705,0.1345
HG01968:PEL,MXL:AMR,0.192,0.639,0.169
HG01970:PEL,CLM:AMR,0.452,0.4365,0.1115
HG01971:PEL,CLM:AMR,0.448,0.4225,0.1295
HG01973:PEL,MXL:AMR,0.1325,0.613,0.2545
HG01974:PEL,MXL:AMR,0.2795,0.5735,0.147
HG01976:PEL,MXL:AMR,0.3145,0.499,0.1865
HG01977:PEL,MXL:AMR,0.2025,0.689,0.1085
HG01979:PEL,MXL:AMR,0.3275,0.5515,0.121
HG01980:PEL,MXL:AMR,0.3025,0.485,0.2125
HG01982:PEL,MXL:AMR,0.3885,0.478,0.1335
HG01985:ACB,CLM:AMR,0.566,0.159,0.275
HG01986:ACB,CLM:AMR,0.399,0.366,0.235
HG01988:ACB,CLM:AMR,0.5065,0.3555,0.138
HG01989:ACB,MXL:AMR,0.3915,0.4415,0.167
HG01990:ACB,CLM:AMR,0.4325,0.3405,0.227
HG01991:PEL,MXL:AMR,0.188,0.685,0.127
HG01992:PEL,MXL:AMR,0.2925,0.609,0.0985
HG01997:PEL,MXL:AMR,0.281,0.6065,0.1125
HG02002:PEL,MXL:AMR,0.248,0.57,0.182
HG02003:PEL,MXL:AMR,0.232,0.6295,0.1385
HG02006:PEL,MXL:AMR,0.331,0.3825,0.2865
HG02008:PEL,MXL:AMR,0.315,0.572,0.113
HG02009:ACB,CLM:AMR,0.473,0.3735,0.1535
HG02010:ACB,CLM:AMR,0.4575,0.2875,0.255
HG02012:ACB,CLM:AMR,0.451,0.386,0.163
HG02013:ACB,CLM:AMR,0.4465,0.3625,0.191
HG02014:ACB,CLM:AMR,0.4465,0.371,0.1825
HG02016:KHV,MXL:AMR,0.393,0.4325,0.1745
HG02017:KHV,MXL:AMR,0.212,0.658,0.13
HG02019:KHV,MXL:AMR,0.2415,0.5185,0.24
HG02020:KHV,MXL:AMR,0.342,0.539,0.119
HG02023:KHV,MXL:AMR,0.327,0.5025,0.1705
HG02025:KHV,MXL:AMR,0.283,0.604,0.113
HG02026:KHV,MXL:AMR,0.2645,0.488,0.2475
HG02028:KHV,CLM:AMR,0.405,0.2995,0.2955
HG02029:KHV,MXL:AMR,0.348,0.4475,0.2045
HG02031:KHV,CLM:AMR,0.4645,0.3695,0.166
HG02032:KHV,MXL:AMR,0.1965,0.483,0.3205
HG02035:KHV,MXL:AMR,0.292,0.4835,0.2245
HG02040:KHV,MXL:AMR,0.27,0.5425,0.1875
HG02047:KHV,MXL:AMR,0.2215,0.541,0.2375
HG02048:KHV,MXL:AMR,0.281,0.5285,0.1905
HG02049:KHV,MXL:AMR,0.164,0.7415,0.0945
HG02050:KHV,CLM:AMR,0.4675,0.2625,0.27
HG02051:ACB,CLM:AMR,0.57,0.1895,0.2405
HG02052:ACB,MXL:AMR,0.335,0.4555,0.2095
HG02053:ACB,MXL:AMR,0.4015,0.4455,0.153
HG02054:ACB,CLM:AMR,0.4615,0.3475,0.191
HG02057:KHV,MXL:AMR,0.121,0.703,0.176
HG02058:KHV,MXL:AMR,0.2945,0.5725,0.133
HG02060:KHV,MXL:AMR,0.177,0.6205,0.2025
HG02061:KHV,MXL:AMR,0.3225,0.431,0.2465
HG02064:KHV,MXL:AMR,0.2695,0.4695,0.261
HG02067:KHV,MXL:AMR,0.291,0.4905,0.2185
HG02069:KHV,MXL:AMR,0.3265,0.508,0.1655
HG02070:KHV,MXL:AMR,0.215,0.556,0.229
HG02072:KHV,CLM:AMR,0.536,0.2785,0.1855
HG02073:KHV,MXL:AMR,0.1375,0.806,0.0565
HG02075:KHV,MXL:AMR,0.133,0.616,0.251
HG02076:KHV,MXL:AMR,0.3305,0.5,0.1695
HG02078:KHV,MXL:AMR,0.321,0.4105,0.2685
HG02079:KHV,MXL:AMR,0.181,0.637,0.182
HG02081:KHV,MXL:AMR,0.188,0.658,0.154
HG02082:KHV,MXL:AMR,0.241,0.6145,0.1445
HG02084:KHV,MXL:AMR,0.279,0.471,0.25
HG02085:KHV,MXL:AMR,0.335,0.3955,0.2695
HG02086:KHV,MXL:AMR,0.3205,0.504,0.1755
HG02087:KHV,MXL:AMR,0.0805,0.7895,0.13
HG02088:KHV,MXL:AMR,0.179,0.6435,0.1775
HG02089:PEL,MXL:AMR,0.3655,0.4745,0.16
HG02090:PEL,MXL:AMR,0.3045,0.592,0.1035
HG02095:ACB,MXL:AMR,0.342,0.349,0.309
HG02102:PEL,MXL:AMR,0.244,0.577,0.179
HG02104:PEL,MXL:AMR,0.168,0.7365,0.0955
HG02105:PEL,MXL:AMR,0.298,0.547,0.155
HG02107:ACB,CLM:AMR,0.3815,0.3695,0.249
HG02108:ACB,CLM:AMR,0.499,0.2935,0.2075
HG02111:ACB,CLM:AMR,0.4405,0.3365,0.223
HG02113:KHV,MXL:AMR,0.236,0.554,0.21
HG02116:KHV,MXL:AMR,0.1965,0.6595,0.144
HG02121:KHV,MXL:AMR,0.3525,0.497,0.1505
HG02122:KHV,MXL:AMR,0.1115,0.8065,0.082
HG02127:KHV,CLM:AMR,0.3795,0.3035,0.317
HG02128:KHV,MXL:AMR,0.313,0.4495,0.2375
HG02130:KHV,MXL:AMR,0.2445,0.5925,0.163
HG02131:KHV,MXL:AMR,0.1835,0.7145,0.102
HG02133:KHV,MXL:AMR,0.0875,0.755,0.1575
HG02134:KHV,MXL:AMR,0.1885,0.6095,0.202
HG02136:KHV,MXL:AMR,0.223,0.6155,0.1615
HG02137:KHV,MXL:AMR,0.2965,0.5735,0.13
HG02138:KHV,CLM:AMR,0.435,0.327,0.238
HG02139:KHV,CLM:AMR,0.4395,0.2865,0.274
HG02140:KHV,MXL:AMR,0.2815,0.388,0.3305
HG02141:KHV,MXL:AMR,0.233,0.5605,0.2065
HG02142:KHV,MXL:AMR,0.193,0.628,0.179
HG02143:ACB,MXL:AMR,0.297,0.3805,0.3225
HG02144:ACB,MXL:AMR,0.3185,0.4635,0.218
HG02146:PEL,MXL:AMR,0.134,0.76,0.106
HG02147:PEL,MXL:AMR,0.2685,0.584,0.1475
HG02150:PEL,MXL:AMR,0.1905,0.5655,0.244
HG02151:CDX,MXL:AMR,0.2445,0.5405,0.215
HG02152:CDX,MXL:AMR,0.249,0.6635,0.0875
HG02153:CDX,CLM:AMR,0.456,0.271,0.273
HG02154:CDX,MXL:AMR,0.266,0.569,0.165
HG02155:CDX,MXL:AMR,0.211,0.5025,0.2865
HG02156:CDX,MXL:AMR,0.247,0.454,0.299
HG02164:CDX,CLM:AMR,0.4215,0.367,0.2115
HG02165:CDX,MXL:AMR,0.2015,0.539,0.2595
HG02166:CDX,MXL:AMR,0.3415,0.558,0.1005
HG02178:CDX,MXL:AMR,0.368,0.444,0.188
HG02179:CDX,MXL:AMR,0.2675,0.5745,0.158
HG02180:CDX,MXL:AMR,0.2685,0.4485,0.283
HG02181:CDX,MXL:AMR,0.3645,0.432,0.2035
HG02182:CDX,MXL:AMR,0.25,0.605,0.145
HG02184:CDX,MXL:AMR,0.3795,0.479,0.1415
HG02185:CDX,MXL:AMR,0.237,0.5115,0.2515
HG02186:CDX,MXL:AMR,0.186,0.55,0.264
HG02187:CDX,MXL:AMR,0.2575,0.5845,0.158
HG02188:CDX,MXL:AMR,0.3155,0.507,0.1775
HG02190:CDX,MXL:AMR,0.202,0.5705,0.2275
HG02215:GBR,CLM:AMR,0.6275,0.1405,0.232
HG02219:IBS,CLM:AMR,0.3845,0.38,0.2355
HG02220:IBS,CLM:AMR,0.4115,0.29,0.2985
HG02221:IBS,CLM:AMR,0.412,0.3345,0.2535
HG02223:IBS,CLM:AMR,0.6085,0.273,0.1185
HG02224:IBS,CLM:AMR,0.596,0.1975,0.2065
HG02230:IBS,MXL:AMR,0.381,0.5335,0.0855
HG02231:IBS,CLM:AMR,0.4985,0.2415,0.26
HG02232:IBS,CLM:AMR,0.6005,0.267,0.1325
HG02233:IBS,CLM:AMR,0.3735,0.2795,0.347
HG02235:IBS,CLM:AMR,0.437,0.4035,0.1595
HG02236:IBS,MXL:AMR,0.3995,0.423,0.1775
HG02238:IBS,CLM:AMR,0.4325,0.3325,0.235
HG02239:IBS,CLM:AMR,0.5245,0.3445,0.131
HG02250:CDX,MXL:AMR,0.304,0.4765,0.2195
HG02252:PEL,MXL:AMR,0.1305,0.8005,0.069
HG02253:PEL,MXL:AMR,0.3825,0.487,0.1305
HG02255:ACB,MXL:AMR,0.4255,0.4475,0.127
HG02256:ACB,MXL:AMR,0.3605,0.5025,0.137
HG02259:PEL,MXL:AMR,0.1495,0.7625,0.088
HG02260:PEL,MXL:AMR,0.3135,0.5805,0.106
HG02262:PEL,MXL:AMR,0.335,0.4965,0.1685
HG02265:PEL,MXL:AMR,0.253,0.639,0.108
HG02266:PEL,MXL:AMR,0.2465,0.6495,0.104
HG02271:PEL,MXL:AMR,0.287,0.625,0.088
HG02272:PEL,MXL:AMR,0.148,0.7455,0.1065
HG02274:PEL,MXL:AMR,0.198,0.761,0.041
HG02275:PEL,MXL:AMR,0.293,0.5315,0.1755
HG02277:PEL,MXL:AMR,0.395,0.4905,0.1145
HG02278:PEL,MXL:AMR,0.2395,0.6355,0.125
HG02281:ACB,CLM:AMR,0.5645,0.261,0.1745
HG02282:ACB,CLM:AMR,0.4435,0.2415,0.315
HG02283:ACB,CLM:AMR,0.497,0.3655,0.1375
HG02284:ACB,CLM:AMR,0.463,0.2775,0.2595
HG02285:PEL,MXL:AMR,0.152,0.6565,0.1915
HG02286:PEL,MXL:AMR,0.336,0.5275,0.1365
HG02291:PEL,MXL:AMR,0.181,0.708,0.111
HG02292:PEL,MXL:AMR,0.1715,0.7525,0.076
HG02298:PEL,MXL:AMR,0.246,0.549,0.205
HG02299:PEL,MXL:AMR,0.3945,0.467,0.1385
HG02301:PEL,MXL:AMR,0.246,0.6955,0.0585
HG02304:PEL,MXL:AMR,0.1565,0.7855,0.058
HG02307:ACB,CLM:AMR,0.619,0.204,0.177
HG02308:ACB,CLM:AMR,0.4595,0.381,0.1595
HG02309:ACB,CLM:AMR,0.476,0.326,0.198
HG02312:PEL,MXL:AMR,0.1945,0.698,0.1075
HG02314:ACB,CLM:AMR,0.588,0.2005,0.2115
HG02315:ACB,CLM:AMR,0.5505,0.2385,0.211
HG02317:ACB,CLM:AMR,0.6275,0.2245,0.148
HG02318:ACB,CLM:AMR,0.5465,0.3075,0.146
HG02322:ACB,CLM:AMR,0.4315,0.3075,0.261
HG02323:ACB,MXL:AMR,0.401,0.484,0.115
HG02325:ACB,MXL:AMR,0.3155,0.475,0.2095
HG02330:ACB,CLM:AMR,0.4175,0.248,0.3345
HG02332:ACB,CLM:AMR,0.6075,0.189,0.2035
HG02334:ACB,CLM:AMR,0.4325,0.37,0.1975
HG02337:ACB,CLM:AMR,0.555,0.1965,0.2485
HG02339:ACB,MXL:AMR,0.307,0.448,0.245
HG02343:ACB,CLM:AMR,0.6275,0.2375,0.135
HG02345:PEL,MXL:AMR,0.2475,0.6735,0.079
HG02348:PEL,MXL:AMR,0.381,0.492,0.127
HG02351:CDX,MXL:AMR,0.232,0.551,0.217
HG02353:CDX,MXL:AMR,0.168,0.622,0.21
HG02355:CDX,MXL:AMR,0.286,0.4945,0.2195
HG02356:CDX,MXL:AMR,0.2865,0.514,0.1995
HG02360:CDX,MXL:AMR,0.304,0.4225,0.2735
HG02364:CDX,MXL:AMR,0.2875,0.597,0.1155
HG02367:CDX,MXL:AMR,0.281,0.577,0.142
HG02371:CDX,MXL:AMR,0.3065,0.3925,0.301
HG02373:CDX,MXL:AMR,0.3115,0.4675,0.221
HG02374:CDX,MXL:AMR,0.164,0.596,0.24
HG02375:CDX,MXL:AMR,0.271,0.4705,0.2585
HG02379:CDX,MXL:AMR,0.2265,0.613,0.1605
HG02380:CDX,CLM:AMR,0.501,0.1345,0.3645
HG02382:CDX,MXL:AMR,0.4155,0.4215,0.163
HG02383:CDX,MXL:AMR,0.323,0.5355,0.1415
HG02384:CDX,CLM:AMR,0.509,0.4175,0.0735
HG02385:CDX,MXL:AMR,0.295,0.624,0.081
HG02386:CDX,MXL:AMR,0.2975,0.5185,0.184
HG02389:CDX,MXL:AMR,0.167,0.614,0.219
HG02390:CDX,MXL:AMR,0.336,0.489,0.175
HG02391:CDX,MXL:AMR,0.234,0.6375,0.1285
HG02392:CDX,MXL:AMR,0.2635,0.5165,0.22
HG02394:CDX,MXL:AMR,0.42,0.4625,0.1175
HG02395:CDX,MXL:AMR,0.195,0.5535,0.2515
HG02396:CDX,MXL:AMR,0.2785,0.4865,0.235
HG02397:CDX,MXL:AMR,0.242,0.557,0.201
HG02398:CDX,MXL:AMR,0.198,0.607,0.195
HG02399:CDX,CLM:AMR,0.489,0.32,0.191
HG02401:CDX,MXL:AMR,0.169,0.663,0.168
HG02402:CDX,MXL:AMR,0.3315,0.455,0.2135
HG02406:CDX,CLM:AMR,0.4145,0.3355,0.25
HG02407:CDX,MXL:AMR,0.326,0.513,0.161
HG02408:CDX,CLM:AMR,0.458,0.378,0.164
HG02409:CDX,MXL:AMR,0.2645,0.5685,0.167
HG02410:CDX,MXL:AMR,0.1745,0.721,0.1045
HG02419:ACB,CLM:AMR,0.438,0.327,0.235
HG02420:ACB,CLM:AMR,0.5655,0.2245,0.21
HG02425:PEL,CLM:AMR,0.586,0.357,0.057
HG02427:ACB,CLM:AMR,0.503,0.3225,0.1745
HG02429:ACB,MXL:AMR,0.3785,0.4255,0.196
HG02433:ACB,MXL:AMR,0.424,0.4725,0.1035
HG02439:ACB,CLM:AMR,0.451,0.3305,0.2185
HG02442:ACB,CLM:AMR,0.3805,0.371,0.2485
HG02445:ACB,MXL:AMR,0.3145,0.49,0.1955
HG02449:ACB,CLM:AMR,0.5535,0.258,0.1885
HG02450:ACB,MXL:AMR,0.3125,0.3755,0.312
HG02455:ACB,CLM:AMR,0.536,0.1395,0.3245
HG02461:GWD,CLM:AMR,0.5595,0.2155,0.225
HG02462:GWD,CLM:AMR,0.4175,0.3675,0.215
HG02464:GWD,MXL:AMR,0.3815,0.4195,0.199
HG02465:GWD,CLM:AMR,0.578,0.2335,0.1885
HG02470:ACB,CLM:AMR,0.536,0.2845,0.1795
HG02471:ACB,CLM:AMR,0.5265,0.1945,0.279
HG02476:ACB,CLM:AMR,0.4545,0.382,0.1635
HG02477:ACB,CLM:AMR,0.4715,0.3585,0.17
HG02479:ACB,MXL:AMR,0.378,0.4115,0.2105
HG02481:ACB,CLM:AMR,0.5,0.2755,0.2245
HG02484:ACB,CLM:AMR,0.489,0.2875,0.2235
HG02485:ACB,CLM:AMR,0.449,0.3475,0.2035
HG02489:ACB,MXL:AMR,0.36,0.465,0.175
HG02490:PJL,MXL:AMR,0.3115,0.394,0.2945
HG02491:PJL,MXL:AMR,0.3715,0.4175,0.211
HG02493:PJL,CLM:AMR,0.4685,0.343,0.1885
HG02494:PJL,MXL:AMR,0.227,0.5265,0.2465
HG02496:ACB,MXL:AMR,0.3265,0.4935,0.18
HG02497:ACB,CLM:AMR,0.485,0.2895,0.2255
HG02501:ACB,CLM:AMR,0.465,0.305,0.23
HG02502:ACB,CLM:AMR,0.47,0.2995,0.2305
HG02505:ACB,CLM:AMR,0.453,0.336,0.211
HG02508:ACB,CLM:AMR,0.5255,0.2885,0.186
HG02511:ACB,MXL:AMR,0.368,0.4775,0.1545
HG02512:KHV,MXL:AMR,0.283,0.4925,0.2245
HG02513:KHV,CLM:AMR,0.382,0.378,0.24
HG02521:KHV,MXL:AMR,0.212,0.5665,0.2215
HG02522:KHV,MXL:AMR,0.311,0.4565,0.2325
HG02536:ACB,CLM:AMR,0.3975,0.361,0.2415
HG02537:ACB,CLM:AMR,0.4725,0.422,0.1055
HG02541:ACB,CLM:AMR,0.623,0.2595,0.1175
HG02545:ACB,MXL:AMR,0.398,0.408,0.194
HG02546:ACB,CLM:AMR,0.4975,0.3045,0.198
HG02549:ACB,MXL:AMR,0.3865,0.4995,0.114
HG02554:ACB,CLM:AMR,0.451,0.2655,0.2835
HG02555:ACB,CLM:AMR,0.437,0.269,0.294
HG02557:ACB,CLM:AMR,0.3855,0.268,0.3465
HG02558:ACB,CLM:AMR,0.4425,0.2015,0.356
HG02561:GWD,CLM:AMR,0.4545,0.247,0.2985
HG02562:GWD,CLM:AMR,0.674,0.1715,0.1545
HG02568:GWD,CLM:AMR,0.462,0.2295,0.3085
HG02570:GWD,CLM:AMR,0.402,0.3125,0.2855
HG02571:GWD,MXL:AMR,0.3995,0.4155,0.185
HG02573:GWD,CLM:AMR,0.49,0.2905,0.2195
HG02574:GWD,CLM:AMR,0.484,0.242,0.274
HG02577:ACB,CLM:AMR,0.5785,0.1605,0.261
HG02580:ACB,CLM:AMR,0.451,0.2515,0.2975
HG02582:GWD,CLM:AMR,0.513,0.2425,0.2445
HG02583:GWD,CLM:AMR,0.48,0.3655,0.1545
HG02585:GWD,CLM:AMR,0.523,0.346,0.131
HG02586:GWD,CLM:AMR,0.5445,0.151,0.3045
HG02588:GWD,CLM:AMR,0.5035,0.283,0.2135
HG02589:GWD,CLM:AMR,0.5605,0.2345,0.205
HG02594:GWD,CLM:AMR,0.52,0.1915,0.2885
HG02595:GWD,CLM:AMR,0.5485,0.233,0.2185
HG02597:PJL,MXL:AMR,0.283,0.436,0.281
HG02600:PJL,CLM:AMR,0.462,0.295,0.243
HG02601:PJL,MXL:AMR,0.3055,0.4335,0.261
HG02603:PJL,CLM:AMR,0.471,0.2865,0.2425
HG02604:PJL,CLM:AMR,0.563,0.3285,0.1085
HG02610:GWD,CLM:AMR,0.4735,0.3545,0.172
HG02611:GWD,CLM:AMR,0.581,0.2155,0.2035
HG02613:GWD,CLM:AMR,0.4905,0.2415,0.268
HG02614:GWD,CLM:AMR,0.423,0.2705,0.3065
HG02620:GWD,CLM:AMR,0.4835,0.3365,0.18
HG02621:GWD,CLM:AMR,0.4645,0.283,0.2525
HG02623:GWD,CLM:AMR,0.545,0.305,0.15
HG02624:GWD,CLM:AMR,0.621,0.2185,0.1605
HG02628:GWD,CLM:AMR,0.451,0.2585,0.2905
HG02629:GWD,CLM:AMR,0.436,0.3135,0.2505
