file,result,CEU:EUR,FIN:EUR,GBR:EUR,IBS:EUR,TSI:EUR
HG00096:GBR,GBR:EUR,0.177,0.0375,0.7365,0.0215,0.0275
HG00097:GBR,GBR:EUR,0.185,0.0895,0.636,0.0535,0.036
HG00099:GBR,GBR:EUR,0.1215,0.109,0.717,0.021,0.0315
HG00100:GBR,GBR:EUR,0.1385,0.147,0.6095,0.0205,0.0845
HG00101:GBR,GBR:EUR,0.06,0.111,0.531,0.0145,0.2835
HG00102:GBR,GBR:EUR,0.162,0.104,0.673,0.0275,0.0335
HG00103:GBR,GBR:EUR,0.1725,0.0835,0.693,0.016,0.035
HG00105:GBR,CEU:EUR,0.4465,0.1425,0.3005,0.048,0.0625
HG00106:GBR,GBR:EUR,0.1505,0.0595,0.732,0.02,0.038
HG00107:GBR,TSI:EUR,0.1365,0.3055,0.1665,0.023,0.3685
HG00108:GBR,GBR:EUR,0.188,0.1115,0.58,0.063,0.0575
HG00109:GBR,GBR:EUR,0.0885,0.042,0.791,0.027,0.0515
HG00110:GBR,GBR:EUR,0.149,0.1175,0.686,0.0205,0.027
HG00111:GBR,GBR:EUR,0.168,0.058,0.678,0.0455,0.0505
HG00112:GBR,GBR:EUR,0.1175,0.084,0.7415,0.0285,0.0285
HG00113:GBR,GBR:EUR,0.075,0.0355,0.7825,0.048,0.059
HG00114:GBR,GBR:EUR,0.149,0.0795,0.6815,0.035,0.055
HG00115:GBR,GBR:EUR,0.2465,0.2945,0.333,0.0325,0.0935
HG00116:GBR,GBR:EUR,0.0635,0.07,0.659,0.0105,0.197
HG00117:GBR,GBR:EUR,0.1675,0.1275,0.6265,0.031,0.0475
HG00118:GBR,GBR:EUR,0.2545,0.1015,0.5515,0.029,0.0635
HG00119:GBR,GBR:EUR,0.222,0.132,0.534,0.0575,0.0545
HG00120:GBR,GBR:EUR,0.182,0.072,0.608,0.038,0.1
HG00121:GBR,GBR:EUR,0.121,0.179,0.635,0.028,0.037
HG00122:GBR,GBR:EUR,0.1595,0.1575,0.576,0.0225,0.0845
HG00123:GBR,GBR:EUR,0.1855,0.143,0.56,0.037,0.0745
HG00125:GBR,GBR:EUR,0.275,0.121,0.5315,0.0115,0.061
HG00126:GBR,GBR:EUR,0.155,0.0795,0.7185,0.014,0.033
HG00127:GBR,GBR:EUR,0.174,0.1985,0.534,0.04,0.0535
HG00128:GBR,GBR:EUR,0.216,0.124,0.59,0.037,0.033
HG00129:GBR,GBR:EUR,0.168,0.141,0.5745,0.0375,0.079
HG00130:GBR,GBR:EUR,0.1135,0.131,0.5725,0.0095,0.1735
HG00131:GBR,GBR:EUR,0.202,0.114,0.6275,0.0265,0.03
HG00132:GBR,CEU:EUR,0.5315,0.1305,0.2285,0.0605,0.049
HG00133:GBR,GBR:EUR,0.1735,0.093,0.6785,0.0175,0.0375
HG00136:GBR,CEU:EUR,0.4095,0.126,0.339,0.033,0.0925
HG00137:GBR,GBR:EUR,0.164,0.0885,0.6575,0.03,0.06
HG00138:GBR,GBR:EUR,0.1965,0.189,0.5185,0.0315,0.0645
HG00139:GBR,GBR:EUR,0.1865,0.101,0.562,0.0265,0.124
HG00140:GBR,GBR:EUR,0.17,0.081,0.686,0.021,0.042
HG00141:GBR,GBR:EUR,0.082,0.078,0.561,0.005,0.274
HG00142:GBR,GBR:EUR,0.1545,0.141,0.5695,0.027,0.108
HG00143:GBR,GBR:EUR,0.2005,0.1095,0.5185,0.0735,0.098
HG00145:GBR,CEU:EUR,0.396,0.162,0.236,0.071,0.135
HG00146:GBR,GBR:EUR,0.149,0.1235,0.632,0.034,0.0615
HG00148:GBR,GBR:EUR,0.2445,0.079,0.5565,0.0395,0.0805
HG00149:GBR,GBR:EUR,0.2705,0.072,0.5095,0.0335,0.1145
HG00150:GBR,GBR:EUR,0.1435,0.213,0.51,0.035,0.0985
HG00151:GBR,GBR:EUR,0.1745,0.0915,0.6455,0.0305,0.058
HG00154:GBR,GBR:EUR,0.2495,0.076,0.6145,0.0195,0.0405
HG00155:GBR,GBR:EUR,0.2185,0.1005,0.5505,0.063,0.0675
HG00157:GBR,CEU:EUR,0.326,0.253,0.2405,0.0525,0.128
HG00158:GBR,GBR:EUR,0.1295,0.1395,0.6325,0.028,0.0705
HG00159:GBR,GBR:EUR,0.1465,0.0835,0.6715,0.0435,0.055
HG00160:GBR,GBR:EUR,0.179,0.2025,0.5645,0.017,0.037
HG00171:FIN,FIN:EUR,0.0855,0.8015,0.0895,0.013,0.0105
HG00173:FIN,FIN:EUR,0.0655,0.8265,0.068,0.0105,0.0295
HG00174:FIN,FIN:EUR,0.09,0.7905,0.072,0.01,0.0375
HG00176:FIN,FIN:EUR,0.1125,0.7045,0.124,0.015,0.044
HG00177:FIN,FIN:EUR,0.071,0.7635,0.0845,0.028,0.053
HG00178:FIN,FIN:EUR,0.0925,0.8095,0.0705,0.0145,0.013
HG00179:FIN,FIN:EUR,0.0555,0.8275,0.083,0.01,0.024
HG00180:FIN,FIN:EUR,0.1785,0.6225,0.125,0.0245,0.0495
HG00181:FIN,CEU:EUR,0.297,0.2585,0.2315,0.0515,0.1615
HG00182:FIN,FIN:EUR,0.118,0.7025,0.1445,0.014,0.021
HG00183:FIN,FIN:EUR,0.205,0.577,0.145,0.0285,0.0445
HG00185:FIN,FIN:EUR,0.091,0.713,0.099,0.056,0.041
HG00186:FIN,FIN:EUR,0.0485,0.699,0.0825,0.0075,0.1625
HG00187:FIN,FIN:EUR,0.0665,0.7025,0.0565,0.005,0.1695
HG00188:FIN,FIN:EUR,0.0615,0.7945,0.0985,0.0195,0.026
HG00189:FIN,FIN:EUR,0.1305,0.7,0.095,0.024,0.0505
HG00190:FIN,FIN:EUR,0.04,0.681,0.044,0.003,0.232
HG00231:GBR,GBR:EUR,0.1355,0.061,0.7405,0.028,0.035
HG00232:GBR,GBR:EUR,0.1515,0.058,0.748,0.016,0.0265
HG00233:GBR,GBR:EUR,0.118,0.1165,0.6895,0.012,0.064
HG00234:GBR,GBR:EUR,0.143,0.056,0.6935,0.0325,0.075
HG00235:GBR,GBR:EUR,0.149,0.2555,0.5065,0.035,0.054
HG00236:GBR,GBR:EUR,0.149,0.0355,0.766,0.018,0.0315
HG00237:GBR,GBR:EUR,0.2085,0.122,0.6,0.0185,0.051
HG00238:GBR,GBR:EUR,0.1735,0.0985,0.685,0.0275,0.0155
HG00239:GBR,GBR:EUR,0.146,0.1015,0.6355,0.046,0.071
HG00240:GBR,GBR:EUR,0.1705,0.072,0.6305,0.049,0.078
HG00242:GBR,GBR:EUR,0.0885,0.118,0.5875,0.0095,0.1965
HG00243:GBR,GBR:EUR,0.33,0.0705,0.5365,0.023,0.04
HG00244:GBR,GBR:EUR,0.2035,0.0455,0.698,0.0205,0.0325
HG00245:GBR,GBR:EUR,0.1775,0.0735,0.6385,0.037,0.0735
HG00246:GBR,GBR:EUR,0.1605,0.1545,0.592,0.033,0.06
HG00250:GBR,GBR:EUR,0.17,0.054,0.72,0.0335,0.0225
HG00251:GBR,GBR:EUR,0.189,0.084,0.6395,0.0305,0.057
HG00252:GBR,GBR:EUR,0.1925,0.089,0.641,0.0345,0.043
HG00253:GBR,GBR:EUR,0.1565,0.0635,0.6655,0.063,0.0515
HG00254:GBR,GBR:EUR,0.282,0.079,0.589,0.0235,0.0265
HG00255:GBR,GBR:EUR,0.137,0.202,0.563,0.022,0.076
HG00256:GBR,GBR:EUR,0.2,0.052,0.652,0.039,0.057
HG00257:GBR,GBR:EUR,0.256,0.0765,0.606,0.024,0.0375
HG00258:GBR,GBR:EUR,0.1705,0.106,0.5675,0.0235,0.1325
HG00259:GBR,GBR:EUR,0.187,0.0815,0.597,0.0665,0.068
HG00260:GBR,GBR:EUR,0.1805,0.0745,0.6505,0.0355,0.059
HG00261:GBR,TSI:EUR,0.0395,0.018,0.4515,0.008,0.483
HG00262:GBR,GBR:EUR,0.13,0.093,0.664,0.039,0.074
HG00263:GBR,GBR:EUR,0.1155,0.2435,0.545,0.03,0.066
HG00264:GBR,GBR:EUR,0.1425,0.0365,0.771,0.0195,0.0305
HG00265:GBR,GBR:EUR,0.1515,0.096,0.6955,0.0195,0.0375
HG00266:FIN,FIN:EUR,0.067,0.678,0.213,0.022,0.02
HG00267:FIN,FIN:EUR,0.0975,0.779,0.086,0.013,0.0245
HG00268:FIN,FIN:EUR,0.1585,0.6215,0.1395,0.0195,0.061
HG00269:FIN,FIN:EUR,0.085,0.7235,0.1145,0.0185,0.0585
HG00271:FIN,FIN:EUR,0.1065,0.7385,0.069,0.03,0.056
HG00272:FIN,FIN:EUR,0.179,0.6285,0.0985,0.0215,0.0725
HG00273:FIN,FIN:EUR,0.052,0.714,0.0585,0.0155,0.16
HG00274:FIN,FIN:EUR,0.14,0.7615,0.073,0.009,0.0165
HG00275:FIN,FIN:EUR,0.092,0.7405,0.099,0.027,0.0415
HG00276:FIN,FIN:EUR,0.082,0.812,0.071,0.019,0.016
HG00277:FIN,FIN:EUR,0.1025,0.7215,0.131,0.013,0.032
HG00278:FIN,FIN:EUR,0.128,0.6805,0.154,0.0135,0.024
HG00280:FIN,FIN:EUR,0.1095,0.7345,0.1165,0.0105,0.029
HG00281:FIN,FIN:EUR,0.051,0.7685,0.061,0.0085,0.111
HG00282:FIN,FIN:EUR,0.0645,0.7925,0.097,0.013,0.033
HG00284:FIN,FIN:EUR,0.0605,0.7745,0.062,0.016,0.087
HG00285:FIN,FIN:EUR,0.127,0.7515,0.0855,0.014,0.022
HG00288:FIN,FIN:EUR,0.1715,0.6455,0.114,0.0295,0.0395
HG00290:FIN,FIN:EUR,0.3365,0.3435,0.226,0.0415,0.0525
HG00304:FIN,FIN:EUR,0.234,0.373,0.309,0.038,0.046
HG00306:FIN,FIN:EUR,0.0905,0.727,0.1325,0.0275,0.0225
HG00308:FIN,FIN:EUR,0.1675,0.519,0.224,0.0285,0.061
HG00309:FIN,FIN:EUR,0.1435,0.682,0.1185,0.028,0.028
HG00310:FIN,FIN:EUR,0.126,0.663,0.1555,0.028,0.0275
HG00311:FIN,FIN:EUR,0.2055,0.567,0.109,0.0435,0.075
HG00313:FIN,FIN:EUR,0.196,0.618,0.128,0.0375,0.0205
HG00315:FIN,FIN:EUR,0.054,0.6605,0.031,0.0275,0.227
HG00318:FIN,FIN:EUR,0.133,0.708,0.1085,0.0235,0.027
HG00319:FIN,FIN:EUR,0.0165,0.945,0.0255,0.007,0.006
HG00320:FIN,FIN:EUR,0.1245,0.7095,0.0865,0.0235,0.056
HG00321:FIN,FIN:EUR,0.1585,0.69,0.113,0.02,0.0185
HG00323:FIN,FIN:EUR,0.0535,0.8135,0.0845,0.026,0.0225
HG00324:FIN,FIN:EUR,0.0835,0.79,0.0895,0.018,0.019
HG00325:FIN,FIN:EUR,0.0595,0.8495,0.0545,0.011,0.0255
HG00326:FIN,FIN:EUR,0.133,0.692,0.132,0.019,0.024
HG00327:FIN,FIN:EUR,0.1005,0.698,0.1345,0.017,0.05
HG00328:FIN,FIN:EUR,0.109,0.772,0.071,0.0085,0.0395
HG00329:FIN,FIN:EUR,0.087,0.683,0.1655,0.033,0.0315
HG00330:FIN,FIN:EUR,0.1,0.7175,0.103,0.0385,0.041
HG00331:FIN,FIN:EUR,0.027,0.777,0.1005,0.0065,0.089
HG00332:FIN,FIN:EUR,0.041,0.724,0.067,0.0125,0.1555
HG00334:FIN,FIN:EUR,0.1135,0.5655,0.107,0.022,0.192
HG00335:FIN,FIN:EUR,0.106,0.773,0.073,0.0215,0.0265
HG00336:FIN,FIN:EUR,0.075,0.7135,0.098,0.01,0.1035
HG00337:FIN,FIN:EUR,0.095,0.7715,0.0895,0.0205,0.0235
HG00338:FIN,FIN:EUR,0.1455,0.676,0.1195,0.0255,0.0335
HG00339:FIN,FIN:EUR,0.081,0.7505,0.102,0.038,0.0285
HG00341:FIN,FIN:EUR,0.1015,0.777,0.0755,0.013,0.033
HG00342:FIN,FIN:EUR,0.0765,0.815,0.081,0.013,0.0145
HG00343:FIN,FIN:EUR,0.0505,0.8575,0.076,0.008,0.008
HG00344:FIN,FIN:EUR,0.0585,0.8315,0.0755,0.0175,0.017
HG00345:FIN,FIN:EUR,0.102,0.603,0.138,0.0075,0.1495
HG00346:FIN,FIN:EUR,0.143,0.5945,0.14,0.034,0.0885
HG00349:FIN,FIN:EUR,0.071,0.7915,0.0875,0.019,0.031
HG00350:FIN,FIN:EUR,0.2465,0.4965,0.1385,0.0635,0.055
HG00351:FIN,FIN:EUR,0.167,0.6415,0.1675,0.01,0.014
HG00353:FIN,FIN:EUR,0.0705,0.8065,0.095,0.011,0.017
HG00355:FIN,FIN:EUR,0.185,0.525,0.2085,0.0325,0.049
HG00356:FIN,FIN:EUR,0.042,0.8775,0.0485,0.016,0.016
HG00357:FIN,FIN:EUR,0.1145,0.6445,0.1665,0.038,0.0365
HG00358:FIN,FIN:EUR,0.086,0.7405,0.0935,0.016,0.064
HG00360:FIN,FIN:EUR,0.047,0.8535,0.064,0.02,0.0155
HG00361:FIN,FIN:EUR,0.0885,0.791,0.0865,0.018,0.016
HG00362:FIN,FIN:EUR,0.07,0.7985,0.052,0.0085,0.071
HG00364:FIN,FIN:EUR,0.1035,0.7765,0.067,0.0155,0.0375
HG00365:FIN,CEU:EUR,0.304,0.261,0.3025,0.033,0.0995
HG00366:FIN,FIN:EUR,0.087,0.8185,0.0705,0.0105,0.0135
HG00367:FIN,FIN:EUR,0.1735,0.639,0.1125,0.024,0.051
HG00368:FIN,FIN:EUR,0.1505,0.486,0.263,0.0295,0.071
HG00369:FIN,FIN:EUR,0.088,0.8005,0.08,0.013,0.0185
HG00371:FIN,FIN:EUR,0.2505,0.335,0.301,0.058,0.0555
HG00372:FIN,FIN:EUR,0.097,0.7185,0.139,0.0175,0.028
HG00373:FIN,FIN:EUR,0.0925,0.726,0.0955,0.023,0.063
HG00375:FIN,FIN:EUR,0.129,0.7365,0.0835,0.0235,0.0275
HG00376:FIN,FIN:EUR,0.1325,0.678,0.1215,0.0255,0.0425
HG00378:FIN,FIN:EUR,0.1425,0.729,0.08,0.025,0.0235
HG00379:FIN,TSI:EUR,0.09,0.1755,0.1265,0.0155,0.5925
HG00380:FIN,FIN:EUR,0.199,0.632,0.1065,0.0295,0.033
HG00381:FIN,FIN:EUR,0.043,0.911,0.0265,0.007,0.0125
HG00382:FIN,FIN:EUR,0.08,0.672,0.0825,0.008,0.1575
HG00383:FIN,FIN:EUR,0.073,0.7625,0.083,0.028,0.0535
HG00384:FIN,FIN:EUR,0.062,0.8165,0.065,0.0275,0.029
HG00403:CHS,FIN:EUR,0.0775,0.446,0.085,0.028,0.3635
HG00404:CHS,TSI:EUR,0.0935,0.3515,0.123,0.028,0.404
HG00406:CHS,TSI:EUR,0.145,0.103,0.1055,0.0525,0.594
HG00407:CHS,FIN:EUR,0.1105,0.4025,0.0765,0.0395,0.371
HG00409:CHS,TSI:EUR,0.0895,0.3385,0.0735,0.032,0.4665
HG00410:CHS,FIN:EUR,0.094,0.4285,0.115,0.032,0.3305
HG00419:CHS,TSI:EUR,0.058,0.2995,0.0875,0.017,0.538
HG00421:CHS,FIN:EUR,0.087,0.454,0.056,0.054,0.349
HG00422:CHS,TSI:EUR,0.0985,0.1905,0.092,0.0625,0.5565
HG00428:CHS,TSI:EUR,0.059,0.379,0.069,0.018,0.475
HG00436:CHS,FIN:EUR,0.087,0.389,0.1425,0.0295,0.352
HG00437:CHS,TSI:EUR,0.081,0.258,0.135,0.0465,0.4795
HG00442:CHS,FIN:EUR,0.08,0.486,0.0775,0.0285,0.328
HG00443:CHS,FIN:EUR,0.096,0.5645,0.078,0.037,0.2245
HG00445:CHS,FIN:EUR,0.081,0.4305,0.129,0.0225,0.337
HG00446:CHS,TSI:EUR,0.058,0.2065,0.0835,0.0135,0.6385
HG00448:CHS,FIN:EUR,0.0445,0.4765,0.159,0.029,0.291
HG00449:CHS,FIN:EUR,0.0775,0.458,0.101,0.0335,0.33
HG00451:CHS,FIN:EUR,0.0645,0.5245,0.07,0.038,0.303
HG00452:CHS,TSI:EUR,0.106,0.2815,0.144,0.0505,0.418
HG00457:CHS,FIN:EUR,0.0555,0.4905,0.054,0.0155,0.3845
HG00458:CHS,TSI:EUR,0.086,0.242,0.175,0.026,0.471
HG00463:CHS,FIN:EUR,0.1285,0.4515,0.1325,0.0125,0.275
HG00464:CHS,FIN:EUR,0.113,0.402,0.0815,0.022,0.3815
HG00472:CHS,TSI:EUR,0.116,0.297,0.0655,0.044,0.4775
HG00473:CHS,TSI:EUR,0.049,0.357,0.1255,0.0165,0.452
HG00475:CHS,TSI:EUR,0.112,0.246,0.0935,0.022,0.5265
HG00476:CHS,TSI:EUR,0.08,0.3405,0.108,0.047,0.4245
HG00478:CHS,TSI:EUR,0.0855,0.1605,0.1085,0.0145,0.631
HG00479:CHS,FIN:EUR,0.0545,0.555,0.1005,0.039,0.251
HG00500:CHS,FIN:EUR,0.0935,0.3875,0.111,0.0295,0.3785
HG00513:CHS,FIN:EUR,0.0465,0.454,0.093,0.0235,0.383
HG00524:CHS,TSI:EUR,0.084,0.193,0.148,0.0355,0.5395
HG00525:CHS,TSI:EUR,0.08,0.199,0.1,0.016,0.605
HG00530:CHS,FIN:EUR,0.128,0.3885,0.073,0.037,0.3735
HG00531:CHS,TSI:EUR,0.068,0.3485,0.118,0.0145,0.451
HG00533:CHS,FIN:EUR,0.1495,0.367,0.1355,0.0325,0.3155
HG00534:CHS,FIN:EUR,0.088,0.4275,0.0615,0.0505,0.3725
HG00536:CHS,TSI:EUR,0.058,0.17,0.1255,0.0355,0.611
HG00537:CHS,FIN:EUR,0.0525,0.4795,0.0985,0.0185,0.351
HG00542:CHS,FIN:EUR,0.121,0.4125,0.105,0.041,0.3205
HG00543:CHS,TSI:EUR,0.11,0.245,0.1655,0.0175,0.462
HG00551:PUR,TSI:EUR,0.182,0.0955,0.1475,0.0685,0.5065
HG00553:PUR,TSI:EUR,0.115,0.1065,0.098,0.029,0.6515
HG00554:PUR,TSI:EUR,0.077,0.098,0.052,0.0525,0.7205
HG00556:CHS,TSI:EUR,0.092,0.3385,0.1355,0.02,0.414
HG00557:CHS,TSI:EUR,0.115,0.325,0.156,0.051,0.353
HG00559:CHS,TSI:EUR,0.158,0.278,0.1685,0.0355,0.36
HG00560:CHS,TSI:EUR,0.073,0.1695,0.142,0.04,0.5755
HG00565:CHS,TSI:EUR,0.1095,0.2575,0.099,0.0415,0.4925
HG00566:CHS,TSI:EUR,0.114,0.3105,0.1295,0.0295,0.4165
HG00580:CHS,TSI:EUR,0.109,0.2495,0.106,0.034,0.5015
HG00581:CHS,TSI:EUR,0.1215,0.237,0.131,0.0375,0.473
HG00583:CHS,TSI:EUR,0.063,0.201,0.075,0.0095,0.6515
HG00584:CHS,TSI:EUR,0.081,0.309,0.0655,0.045,0.4995
HG00589:CHS,FIN:EUR,0.0955,0.407,0.117,0.0435,0.337
HG00590:CHS,FIN:EUR,0.066,0.449,0.082,0.0445,0.3585
HG00592:CHS,FIN:EUR,0.1755,0.4845,0.065,0.027,0.248
HG00593:CHS,TSI:EUR,0.1,0.3105,0.1625,0.046,0.381
HG00595:CHS,FIN:EUR,0.066,0.4475,0.1005,0.0365,0.3495
HG00596:CHS,FIN:EUR,0.083,0.4105,0.0895,0.04,0.377
HG00598:CHS,TSI:EUR,0.0645,0.33,0.091,0.0325,0.482
HG00599:CHS,FIN:EUR,0.133,0.368,0.1415,0.0625,0.295
HG00607:CHS,TSI:EUR,0.1475,0.2645,0.2045,0.036,0.3475
HG00608:CHS,TSI:EUR,0.1485,0.174,0.0955,0.039,0.543
HG00610:CHS,TSI:EUR,0.094,0.307,0.152,0.038,0.409
HG00611:CHS,TSI:EUR,0.106,0.1445,0.2005,0.0155,0.5335
HG00613:CHS,TSI:EUR,0.153,0.1845,0.124,0.039,0.4995
HG00614:CHS,TSI:EUR,0.0925,0.2085,0.1295,0.029,0.5405
HG00619:CHS,TSI:EUR,0.0875,0.286,0.1295,0.051,0.446
HG00620:CHS,TSI:EUR,0.12,0.19,0.178,0.0265,0.4855
HG00622:CHS,TSI:EUR,0.0895,0.2625,0.1035,0.0265,0.518
HG00623:CHS,TSI:EUR,0.0385,0.418,0.0685,0.042,0.433
HG00625:CHS,TSI:EUR,0.0795,0.361,0.15,0.017,0.3925
HG00626:CHS,FIN:EUR,0.1055,0.373,0.0975,0.0615,0.3625
HG00628:CHS,TSI:EUR,0.088,0.3725,0.1295,0.027,0.383
HG00629:CHS,TSI:EUR,0.099,0.3455,0.079,0.0755,0.401
HG00631:CHS,TSI:EUR,0.064,0.4125,0.066,0.0225,0.435
HG00632:CHS,TSI:EUR,0.059,0.3095,0.107,0.0095,0.515
HG00634:CHS,FIN:EUR,0.0915,0.4135,0.121,0.0145,0.3595
HG00637:PUR,TSI:EUR,0.0565,0.196,0.1585,0.016,0.573
HG00638:PUR,TSI:EUR,0.0485,0.1165,0.119,0.025,0.691
HG00640:PUR,TSI:EUR,0.1065,0.1435,0.1505,0.028,0.5715
HG00641:PUR,TSI:EUR,0.2215,0.178,0.1975,0.1175,0.2855
HG00650:CHS,TSI:EUR,0.1325,0.3235,0.17,0.042,0.332
HG00651:CHS,TSI:EUR,0.116,0.3165,0.0825,0.054,0.431
HG00653:CHS,TSI:EUR,0.135,0.2035,0.105,0.0215,0.535
HG00654:CHS,TSI:EUR,0.0705,0.34,0.1115,0.0435,0.4345
HG00656:CHS,FIN:EUR,0.075,0.505,0.0905,0.031,0.2985
HG00657:CHS,TSI:EUR,0.077,0.355,0.0725,0.0315,0.464
HG00662:CHS,FIN:EUR,0.047,0.468,0.054,0.022,0.409
HG00663:CHS,TSI:EUR,0.0695,0.376,0.0995,0.031,0.424
HG00671:CHS,FIN:EUR,0.0555,0.5695,0.0555,0.0415,0.278
HG00672:CHS,TSI:EUR,0.0955,0.3385,0.069,0.046,0.451
HG00674:CHS,FIN:EUR,0.079,0.4185,0.1105,0.0215,0.3705
HG00675:CHS,TSI:EUR,0.083,0.386,0.0785,0.0185,0.434
HG00683:CHS,TSI:EUR,0.1475,0.3045,0.1235,0.0225,0.402
HG00684:CHS,FIN:EUR,0.1095,0.413,0.1005,0.041,0.336
HG00689:CHS,TSI:EUR,0.1155,0.2955,0.128,0.0385,0.4225
HG00690:CHS,TSI:EUR,0.135,0.354,0.095,0.045,0.371
HG00692:CHS,TSI:EUR,0.1115,0.193,0.198,0.042,0.4555
HG00693:CHS,TSI:EUR,0.046,0.3265,0.0405,0.035,0.552
HG00698:CHS,TSI:EUR,0.105,0.2905,0.17,0.0445,0.39
HG00699:CHS,TSI:EUR,0.077,0.3275,0.124,0.036,0.4355
HG00701:CHS,TSI:EUR,0.1095,0.221,0.146,0.0555,0.468
HG00704:CHS,FIN:EUR,0.1085,0.3905,0.1,0.039,0.362
HG00705:CHS,FIN:EUR,0.081,0.487,0.0945,0.009,0.3285
HG00707:CHS,TSI:EUR,0.0525,0.3125,0.1185,0.017,0.4995
HG00708:CHS,TSI:EUR,0.093,0.196,0.0695,0.028,0.6135
HG00717:CHS,FIN:EUR,0.081,0.425,0.085,0.0215,0.3875
HG00728:CHS,FIN:EUR,0.0525,0.574,0.0705,0.011,0.292
HG00729:CHS,TSI:EUR,0.0765,0.356,0.065,0.007,0.4955
HG00731:PUR,FIN:EUR,0.139,0.3455,0.2635,0.0145,0.2375
HG00732:PUR,GBR:EUR,0.2275,0.194,0.2575,0.103,0.218
HG00734:PUR,TSI:EUR,0.152,0.126,0.1205,0.005,0.5965
HG00736:PUR,TSI:EUR,0.2235,0.145,0.2405,0.084,0.307
HG00737:PUR,CEU:EUR,0.2685,0.1135,0.223,0.149,0.246
HG00739:PUR,CEU:EUR,0.472,0.108,0.238,0.0705,0.1115
HG00740:PUR,TSI:EUR,0.142,0.1965,0.157,0.016,0.4885
HG00742:PUR,CEU:EUR,0.322,0.166,0.319,0.0635,0.1295
HG00743:PUR,TSI:EUR,0.106,0.1,0.1095,0.048,0.6365
HG00759:CDX,FIN:EUR,0.089,0.4635,0.083,0.016,0.3485
HG00766:CDX,TSI:EUR,0.184,0.18,0.0925,0.036,0.5075
HG00844:CDX,TSI:EUR,0.1215,0.2345,0.1215,0.0395,0.483
HG00851:CDX,TSI:EUR,0.0935,0.3785,0.084,0.023,0.421
HG00864:CDX,FIN:EUR,0.092,0.391,0.099,0.0485,0.3695
HG00867:CDX,FIN:EUR,0.083,0.419,0.1225,0.037,0.3385
HG00879:CDX,TSI:EUR,0.0835,0.343,0.0945,0.031,0.448
HG00881:CDX,TSI:EUR,0.1215,0.2215,0.12,0.037,0.5
HG00956:CDX,TSI:EUR,0.1135,0.218,0.1645,0.0355,0.4685
HG00978:CDX,FIN:EUR,0.0975,0.429,0.106,0.032,0.3355
HG00982:CDX,FIN:EUR,0.0745,0.453,0.1005,0.0375,0.3345
HG01028:CDX,TSI:EUR,0.0735,0.3695,0.15,0.032,0.375
HG01029:CDX,TSI:EUR,0.0865,0.3235,0.089,0.0475,0.4535
HG01031:CDX,FIN:EUR,0.101,0.408,0.1045,0.034,0.3525
HG01046:CDX,FIN:EUR,0.0415,0.5435,0.1225,0.0325,0.26
HG01047:PUR,TSI:EUR,0.108,0.067,0.063,0.012,0.75
HG01048:PUR,TSI:EUR,0.026,0.0615,0.062,0.028,0.8225
HG01049:PUR,GBR:EUR,0.3055,0.142,0.4415,0.041,0.07
HG01051:PUR,CEU:EUR,0.3155,0.1635,0.3045,0.0615,0.155
HG01052:PUR,CEU:EUR,0.286,0.167,0.164,0.1165,0.2665
HG01054:PUR,CEU:EUR,0.3125,0.131,0.285,0.0725,0.199
HG01055:PUR,TSI:EUR,0.1115,0.128,0.0875,0.0395,0.6335
HG01058:PUR,TSI:EUR,0.1285,0.147,0.1585,0.0135,0.5525
HG01060:PUR,FIN:EUR,0.2165,0.4655,0.1355,0.109,0.0735
HG01061:PUR,TSI:EUR,0.141,0.0795,0.119,0.0365,0.624
HG01063:PUR,TSI:EUR,0.1225,0.144,0.1915,0.0445,0.4975
HG01064:PUR,GBR:EUR,0.265,0.0765,0.323,0.122,0.2135
HG01066:PUR,CEU:EUR,0.3645,0.247,0.17,0.0755,0.143
HG01067:PUR,FIN:EUR,0.2275,0.2795,0.197,0.105,0.191
HG01069:PUR,CEU:EUR,0.2615,0.205,0.251,0.154,0.1285
HG01070:PUR,FIN:EUR,0.2415,0.3155,0.247,0.0645,0.1315
HG01072:PUR,TSI:EUR,0.0825,0.159,0.115,0.039,0.6045
HG01073:PUR,TSI:EUR,0.0745,0.1,0.098,0.011,0.7165
HG01075:PUR,CEU:EUR,0.324,0.102,0.201,0.1395,0.2335
HG01077:PUR,TSI:EUR,0.0455,0.024,0.0685,0.007,0.855
HG01079:PUR,CEU:EUR,0.2535,0.2215,0.227,0.142,0.156
HG01080:PUR,TSI:EUR,0.178,0.122,0.118,0.0545,0.5275
HG01082:PUR,TSI:EUR,0.043,0.11,0.095,0.0525,0.6995
HG01083:PUR,TSI:EUR,0.1845,0.279,0.1105,0.0535,0.3725
HG01085:PUR,TSI:EUR,0.0715,0.104,0.111,0.006,0.7075
HG01086:PUR,GBR:EUR,0.2095,0.2985,0.324,0.087,0.081
HG01088:PUR,TSI:EUR,0.036,0.3365,0.0915,0.0245,0.5115
HG01089:PUR,TSI:EUR,0.067,0.1455,0.1925,0.016,0.579
HG01092:PUR,TSI:EUR,0.174,0.156,0.27,0.0915,0.3085
HG01094:PUR,FIN:EUR,0.1235,0.3765,0.0975,0.075,0.3275
HG01095:PUR,TSI:EUR,0.1295,0.17,0.1045,0.036,0.56
HG01097:PUR,FIN:EUR,0.219,0.2635,0.121,0.159,0.2375
HG01098:PUR,TSI:EUR,0.087,0.1235,0.0925,0.057,0.64
HG01101:PUR,CEU:EUR,0.335,0.1475,0.2275,0.0955,0.1945
HG01102:PUR,GBR:EUR,0.2785,0.124,0.3595,0.064,0.174
HG01104:PUR,TSI:EUR,0.225,0.247,0.196,0.0815,0.2505
HG01105:PUR,GBR:EUR,0.306,0.1325,0.393,0.072,0.0965
HG01107:PUR,CEU:EUR,0.441,0.1435,0.262,0.053,0.1005
HG01108:PUR,TSI:EUR,0.1465,0.1345,0.2225,0.032,0.4645
HG01110:PUR,CEU:EUR,0.444,0.269,0.1875,0.0525,0.047
HG01111:PUR,TSI:EUR,0.089,0.051,0.057,0.0295,0.7735
HG01112:CLM,CEU:EUR,0.359,0.0985,0.2945,0.084,0.164
HG01113:CLM,TSI:EUR,0.08,0.138,0.1445,0.0455,0.592
HG01119:CLM,TSI:EUR,0.127,0.095,0.062,0.073,0.643
HG01121:CLM,FIN:EUR,0.146,0.443,0.124,0.1125,0.1745
HG01122:CLM,TSI:EUR,0.0825,0.098,0.076,0.05,0.6935
HG01124:CLM,FIN:EUR,0.1425,0.661,0.098,0.028,0.0705
HG01125:CLM,TSI:EUR,0.058,0.1815,0.0695,0.0165,0.6745
HG01130:CLM,TSI:EUR,0.043,0.2905,0.0965,0.042,0.528
HG01131:CLM,TSI:EUR,0.046,0.134,0.1315,0.025,0.6635
HG01133:CLM,TSI:EUR,0.0125,0.04,0.022,0.008,0.9175
HG01134:CLM,GBR:EUR,0.219,0.256,0.315,0.093,0.117
HG01136:CLM,TSI:EUR,0.092,0.3355,0.0855,0.01,0.477
HG01137:CLM,FIN:EUR,0.179,0.3595,0.1535,0.0075,0.3005
HG01139:CLM,FIN:EUR,0.1715,0.4975,0.169,0.083,0.079
HG01140:CLM,TSI:EUR,0.047,0.2805,0.0685,0.009,0.595
HG01142:CLM,GBR:EUR,0.275,0.198,0.294,0.0725,0.1605
HG01148:CLM,TSI:EUR,0.2275,0.151,0.1995,0.017,0.405
HG01149:CLM,TSI:EUR,0.0955,0.1125,0.0875,0.024,0.6805
HG01161:PUR,FIN:EUR,0.1715,0.5655,0.121,0.0365,0.1055
HG01162:PUR,GBR:EUR,0.1755,0.131,0.293,0.162,0.2385
HG01164:PUR,TSI:EUR,0.0975,0.128,0.1605,0.0085,0.6055
HG01167:PUR,GBR:EUR,0.2665,0.1445,0.2755,0.075,0.2385
HG01168:PUR,TSI:EUR,0.084,0.0705,0.0595,0.009,0.777
HG01170:PUR,TSI:EUR,0.185,0.277,0.1255,0.0385,0.374
HG01171:PUR,GBR:EUR,0.203,0.183,0.2765,0.101,0.2365
HG01173:PUR,TSI:EUR,0.0245,0.0375,0.065,0.01,0.863
HG01174:PUR,TSI:EUR,0.096,0.122,0.0715,0.068,0.6425
HG01176:PUR,TSI:EUR,0.065,0.2,0.0895,0.021,0.6245
HG01177:PUR,TSI:EUR,0.187,0.155,0.19,0.03,0.438
HG01182:PUR,CEU:EUR,0.2695,0.1595,0.198,0.1185,0.2545
HG01183:PUR,FIN:EUR,0.277,0.285,0.2465,0.037,0.1545
HG01187:PUR,TSI:EUR,0.136,0.1995,0.1225,0.0645,0.4775
HG01188:PUR,TSI:EUR,0.0895,0.3055,0.1305,0.023,0.4515
HG01190:PUR,TSI:EUR,0.141,0.282,0.097,0.0185,0.4615
HG01191:PUR,TSI:EUR,0.043,0.193,0.0495,0.009,0.7055
HG01197:PUR,TSI:EUR,0.0455,0.0445,0.1065,0.0075,0.796
HG01198:PUR,TSI:EUR,0.0955,0.264,0.0945,0.064,0.482
HG01200:PUR,CEU:EUR,0.2895,0.1575,0.2825,0.06,0.2105
HG01204:PUR,TSI:EUR,0.1045,0.172,0.1285,0.065,0.53
HG01205:PUR,TSI:EUR,0.225,0.166,0.1515,0.0595,0.398
HG01241:PUR,TSI:EUR,0.0435,0.2965,0.1105,0.0555,0.494
HG01242:PUR,TSI:EUR,0.107,0.15,0.095,0.0185,0.6295
HG01247:PUR,CEU:EUR,0.255,0.1985,0.184,0.1165,0.246
HG01248:PUR,GBR:EUR,0.2665,0.134,0.3245,0.0765,0.1985
HG01250:CLM,TSI:EUR,0.0925,0.166,0.0765,0.0145,0.6505
HG01251:CLM,CEU:EUR,0.346,0.1775,0.257,0.103,0.1165
HG01253:CLM,GBR:EUR,0.2215,0.242,0.3085,0.0735,0.1545
HG01254:CLM,TSI:EUR,0.0265,0.0395,0.058,0.0055,0.8705
HG01256:CLM,GBR:EUR,0.255,0.227,0.3345,0.044,0.1395
HG01257:CLM,CEU:EUR,0.34,0.1585,0.168,0.0525,0.281
HG01259:CLM,CEU:EUR,0.394,0.098,0.2435,0.078,0.1865
HG01260:CLM,TSI:EUR,0.072,0.191,0.0775,0.0335,0.626
HG01269:CLM,FIN:EUR,0.0935,0.438,0.1215,0.0185,0.3285
HG01271:CLM,CEU:EUR,0.333,0.1455,0.277,0.1045,0.14
HG01272:CLM,TSI:EUR,0.0575,0.3485,0.078,0.049,0.467
HG01275:CLM,CEU:EUR,0.308,0.166,0.282,0.127,0.117
HG01277:CLM,CEU:EUR,0.342,0.1785,0.3105,0.051,0.118
HG01280:CLM,TSI:EUR,0.0735,0.12,0.1245,0.006,0.676
HG01281:CLM,TSI:EUR,0.0915,0.0945,0.1345,0.0375,0.642
HG01284:CLM,FIN:EUR,0.191,0.292,0.2485,0.0685,0.2
HG01286:PUR,TSI:EUR,0.0475,0.1435,0.1595,0.028,0.6215
HG01302:PUR,TSI:EUR,0.096,0.155,0.0725,0.042,0.6345
HG01303:PUR,TSI:EUR,0.101,0.1155,0.121,0.0175,0.645
HG01305:PUR,TSI:EUR,0.0845,0.1115,0.108,0.0425,0.6535
HG01308:PUR,TSI:EUR,0.0535,0.166,0.0625,0.0445,0.6735
HG01311:PUR,TSI:EUR,0.1065,0.18,0.1335,0.0495,0.5305
HG01312:PUR,TSI:EUR,0.1095,0.091,0.119,0.0215,0.659
HG01323:PUR,CEU:EUR,0.4555,0.112,0.2115,0.0825,0.1385
HG01325:PUR,TSI:EUR,0.046,0.0825,0.092,0.0235,0.756
HG01326:PUR,TSI:EUR,0.125,0.135,0.1265,0.054,0.5595
HG01334:GBR,GBR:EUR,0.0415,0.086,0.4495,0.008,0.415
HG01341:CLM,TSI:EUR,0.112,0.171,0.075,0.0525,0.5895
HG01342:CLM,TSI:EUR,0.175,0.085,0.1255,0.028,0.5865
HG01344:CLM,TSI:EUR,0.164,0.2435,0.1695,0.0455,0.3775
HG01345:CLM,FIN:EUR,0.282,0.2825,0.2325,0.0685,0.1345
HG01348:CLM,TSI:EUR,0.1425,0.152,0.1095,0.038,0.558
HG01350:CLM,TSI:EUR,0.1135,0.2035,0.123,0.0395,0.5205
HG01351:CLM,FIN:EUR,0.251,0.476,0.1265,0.0405,0.106
HG01353:CLM,TSI:EUR,0.0455,0.26,0.0545,0.0115,0.6285
HG01354:CLM,TSI:EUR,0.133,0.1365,0.141,0.039,0.5505
HG01356:CLM,TSI:EUR,0.163,0.16,0.124,0.044,0.509
HG01357:CLM,TSI:EUR,0.167,0.141,0.208,0.009,0.475
HG01359:CLM,CEU:EUR,0.4675,0.089,0.2985,0.0335,0.1115
HG01360:CLM,FIN:EUR,0.2495,0.371,0.1515,0.0545,0.1735
HG01362:CLM,FIN:EUR,0.2215,0.4,0.1775,0.0815,0.1195
HG01363:CLM,TSI:EUR,0.1365,0.1685,0.1185,0.0505,0.526
HG01365:CLM,TSI:EUR,0.155,0.204,0.168,0.014,0.459
HG01366:CLM,GBR:EUR,0.258,0.2385,0.2675,0.0905,0.1455
HG01369:CLM,TSI:EUR,0.122,0.2025,0.1055,0.0615,0.5085
HG01372:CLM,FIN:EUR,0.2825,0.31,0.273,0.0585,0.076
HG01374:CLM,TSI:EUR,0.1205,0.143,0.085,0.033,0.6185
HG01375:CLM,CEU:EUR,0.407,0.194,0.2315,0.0545,0.113
HG01377:CLM,CEU:EUR,0.4235,0.237,0.248,0.0265,0.065
HG01378:CLM,TSI:EUR,0.0945,0.3745,0.07,0.052,0.409
HG01383:CLM,FIN:EUR,0.292,0.3205,0.2145,0.0405,0.1325
HG01384:CLM,GBR:EUR,0.27,0.228,0.305,0.085,0.112
HG01389:CLM,CEU:EUR,0.332,0.0695,0.259,0.1055,0.234
HG01390:CLM,TSI:EUR,0.1275,0.2465,0.1405,0.0155,0.47
HG01392:PUR,TSI:EUR,0.067,0.0755,0.092,0.0355,0.73
HG01393:PUR,TSI:EUR,0.0335,0.0745,0.046,0.006,0.84
HG01395:PUR,TSI:EUR,0.052,0.0595,0.067,0.012,0.8095
HG01396:PUR,GBR:EUR,0.325,0.1685,0.3385,0.066,0.102
HG01398:PUR,TSI:EUR,0.122,0.1105,0.192,0.0105,0.565
HG01402:PUR,TSI:EUR,0.1325,0.0775,0.113,0.035,0.642
HG01403:PUR,TSI:EUR,0.116,0.263,0.1305,0.0395,0.451
HG01405:PUR,TSI:EUR,0.2595,0.081,0.201,0.141,0.3175
HG01412:PUR,CEU:EUR,0.2595,0.1985,0.1555,0.1465,0.24
HG01413:PUR,TSI:EUR,0.05,0.064,0.0685,0.007,0.8105
HG01414:PUR,TSI:EUR,0.0595,0.339,0.096,0.0265,0.479
HG01431:CLM,TSI:EUR,0.0405,0.0725,0.0955,0.0105,0.781
HG01432:CLM,TSI:EUR,0.1765,0.143,0.217,0.0185,0.445
HG01435:CLM,FIN:EUR,0.167,0.5045,0.145,0.1015,0.082
HG01437:CLM,CEU:EUR,0.2965,0.2325,0.275,0.067,0.129
HG01438:CLM,FIN:EUR,0.103,0.4285,0.0775,0.0205,0.3705
HG01440:CLM,FIN:EUR,0.255,0.3495,0.1915,0.095,0.109
HG01441:CLM,TSI:EUR,0.0935,0.307,0.056,0.0725,0.471
HG01443:CLM,FIN:EUR,0.2065,0.3635,0.1995,0.0655,0.165
HG01444:CLM,GBR:EUR,0.3155,0.1585,0.3585,0.05,0.1175
HG01447:CLM,GBR:EUR,0.256,0.087,0.3955,0.088,0.1735
HG01455:CLM,FIN:EUR,0.1415,0.438,0.1425,0.099,0.179
HG01456:CLM,FIN:EUR,0.146,0.5325,0.1725,0.064,0.085
HG01459:CLM,TSI:EUR,0.082,0.1235,0.125,0.037,0.6325
HG01461:CLM,TSI:EUR,0.1365,0.205,0.1435,0.017,0.498
HG01462:CLM,TSI:EUR,0.06,0.1175,0.129,0.0145,0.679
HG01464:CLM,TSI:EUR,0.1575,0.213,0.1115,0.052,0.466
HG01465:CLM,FIN:EUR,0.2335,0.2895,0.246,0.1295,0.1015
HG01468:CLM,FIN:EUR,0.1675,0.519,0.2085,0.045,0.06
HG01474:CLM,CEU:EUR,0.3695,0.146,0.301,0.067,0.1165
HG01479:CLM,FIN:EUR,0.1535,0.426,0.1475,0.0865,0.1865
HG01485:CLM,TSI:EUR,0.046,0.263,0.084,0.0165,0.5905
HG01486:CLM,FIN:EUR,0.2325,0.3255,0.25,0.0605,0.1315
HG01488:CLM,GBR:EUR,0.298,0.098,0.3035,0.123,0.1775
HG01489:CLM,GBR:EUR,0.178,0.1075,0.298,0.131,0.2855
HG01491:CLM,TSI:EUR,0.138,0.08,0.059,0.059,0.664
HG01492:CLM,TSI:EUR,0.069,0.279,0.073,0.0125,0.5665
HG01494:CLM,FIN:EUR,0.178,0.3475,0.15,0.065,0.2595
HG01495:CLM,TSI:EUR,0.06,0.1125,0.077,0.02,0.7305
HG01497:CLM,TSI:EUR,0.0975,0.2975,0.065,0.02,0.52
HG01498:CLM,CEU:EUR,0.421,0.1035,0.1785,0.104,0.193
HG01500:IBS,GBR:EUR,0.2695,0.142,0.296,0.133,0.1595
HG01501:IBS,TSI:EUR,0.161,0.184,0.167,0.016,0.472
HG01503:IBS,GBR:EUR,0.3215,0.13,0.3355,0.066,0.147
HG01504:IBS,GBR:EUR,0.3225,0.0945,0.42,0.08,0.083
HG01506:IBS,CEU:EUR,0.3675,0.16,0.216,0.133,0.1235
HG01507:IBS,GBR:EUR,0.2345,0.1465,0.34,0.1255,0.1535
HG01509:IBS,CEU:EUR,0.35,0.1695,0.24,0.08,0.1605
HG01510:IBS,TSI:EUR,0.023,0.0275,0.0705,0.0095,0.8695
HG01512:IBS,TSI:EUR,0.0875,0.2055,0.1465,0.02,0.5405
HG01513:IBS,CEU:EUR,0.328,0.1635,0.276,0.0585,0.174
HG01515:IBS,IBS:EUR,0.2405,0.1085,0.1265,0.3695,0.155
HG01516:IBS,IBS:EUR,0.104,0.1755,0.113,0.566,0.0415
HG01518:IBS,IBS:EUR,0.3285,0.093,0.19,0.344,0.0445
HG01519:IBS,IBS:EUR,0.239,0.113,0.159,0.3495,0.1395
HG01521:IBS,IBS:EUR,0.2305,0.115,0.164,0.4255,0.065
HG01522:IBS,IBS:EUR,0.264,0.0695,0.2,0.406,0.0605
HG01524:IBS,TSI:EUR,0.0375,0.1275,0.0675,0.009,0.7585
HG01525:IBS,TSI:EUR,0.1715,0.1955,0.2115,0.2065,0.215
HG01527:IBS,CEU:EUR,0.28,0.149,0.2705,0.1005,0.2
HG01528:IBS,TSI:EUR,0.069,0.0605,0.103,0.0125,0.755
HG01530:IBS,CEU:EUR,0.4125,0.1785,0.199,0.0655,0.1445
HG01531:IBS,CEU:EUR,0.3915,0.0955,0.2995,0.0835,0.13
HG01536:IBS,TSI:EUR,0.193,0.178,0.1225,0.0395,0.467
HG01537:IBS,TSI:EUR,0.1315,0.1305,0.115,0.0315,0.5915
HG01550:CLM,GBR:EUR,0.2825,0.2595,0.321,0.071,0.066
HG01551:CLM,TSI:EUR,0.138,0.144,0.0795,0.0315,0.607
HG01556:CLM,FIN:EUR,0.2185,0.3315,0.2225,0.0615,0.166
HG01565:PEL,TSI:EUR,0.1865,0.3255,0.138,0.0185,0.3315
HG01566:PEL,TSI:EUR,0.0745,0.0875,0.1165,0.037,0.6845
HG01571:PEL,CEU:EUR,0.257,0.255,0.238,0.0365,0.2135
HG01572:PEL,TSI:EUR,0.135,0.17,0.1285,0.0385,0.528
HG01577:PEL,TSI:EUR,0.1775,0.216,0.13,0.0275,0.449
HG01578:PEL,FIN:EUR,0.152,0.515,0.223,0.032,0.078
HG01583:PJL,GBR:EUR,0.1935,0.1965,0.3295,0.086,0.1945
HG01586:PJL,TSI:EUR,0.04,0.1055,0.093,0.035,0.7265
HG01589:PJL,TSI:EUR,0.223,0.193,0.1625,0.0365,0.385
HG01593:PJL,FIN:EUR,0.145,0.385,0.2125,0.0995,0.158
HG01595:KHV,FIN:EUR,0.0895,0.4685,0.0945,0.028,0.3195
HG01596:KHV,TSI:EUR,0.069,0.394,0.071,0.0255,0.4405
HG01597:KHV,TSI:EUR,0.1195,0.166,0.133,0.0425,0.539
HG01598:KHV,TSI:EUR,0.132,0.2165,0.1725,0.0505,0.4285
HG01599:KHV,TSI:EUR,0.0395,0.3765,0.1205,0.036,0.4275
HG01600:KHV,TSI:EUR,0.0885,0.243,0.126,0.0165,0.526
HG01602:IBS,CEU:EUR,0.4045,0.1645,0.205,0.0485,0.1775
HG01603:IBS,CEU:EUR,0.3615,0.1275,0.3135,0.054,0.1435
HG01605:IBS,TSI:EUR,0.195,0.14,0.096,0.045,0.524
HG01606:IBS,TSI:EUR,0.0825,0.06,0.1035,0.0085,0.7455
HG01607:IBS,CEU:EUR,0.324,0.202,0.2255,0.047,0.2015
HG01608:IBS,CEU:EUR,0.3545,0.123,0.2675,0.129,0.126
HG01610:IBS,CEU:EUR,0.2765,0.116,0.264,0.1315,0.212
HG01612:IBS,CEU:EUR,0.467,0.135,0.1595,0.1115,0.127
HG01613:IBS,GBR:EUR,0.296,0.181,0.3165,0.09,0.1165
HG01615:IBS,TSI:EUR,0.1405,0.215,0.094,0.022,0.5285
HG01617:IBS,IBS:EUR,0.148,0.147,0.186,0.4035,0.1155
HG01618:IBS,IBS:EUR,0.167,0.126,0.265,0.376,0.066
HG01619:IBS,IBS:EUR,0.1425,0.128,0.185,0.4645,0.08
HG01620:IBS,IBS:EUR,0.056,0.062,0.044,0.502,0.336
HG01623:IBS,IBS:EUR,0.174,0.0555,0.1795,0.447,0.144
HG01624:IBS,IBS:EUR,0.203,0.066,0.139,0.367,0.225
HG01625:IBS,IBS:EUR,0.2475,0.189,0.1755,0.286,0.102
HG01626:IBS,IBS:EUR,0.277,0.1185,0.141,0.331,0.1325
HG01628:IBS,TSI:EUR,0.024,0.062,0.059,0.009,0.846
HG01630:IBS,CEU:EUR,0.44,0.079,0.1765,0.154,0.1505
HG01631:IBS,GBR:EUR,0.272,0.1455,0.3635,0.0815,0.1375
HG01632:IBS,TSI:EUR,0.1095,0.103,0.069,0.014,0.7045
HG01668:IBS,CEU:EUR,0.352,0.2065,0.349,0.0485,0.044
HG01669:IBS,GBR:EUR,0.2255,0.2295,0.272,0.1425,0.1305
HG01670:IBS,TSI:EUR,0.2,0.0645,0.237,0.109,0.3895
HG01672:IBS,TSI:EUR,0.0205,0.0165,0.0295,0.0085,0.925
HG01673:IBS,GBR:EUR,0.226,0.1035,0.543,0.0625,0.065
HG01675:IBS,TSI:EUR,0.045,0.133,0.07,0.04,0.712
HG01676:IBS,TSI:EUR,0.0595,0.0745,0.1,0.012,0.754
HG01678:IBS,GBR:EUR,0.2425,0.1015,0.3865,0.0985,0.171
HG01679:IBS,CEU:EUR,0.2325,0.2275,0.168,0.1925,0.1795
HG01680:IBS,TSI:EUR,0.074,0.2,0.116,0.015,0.595
HG01682:IBS,GBR:EUR,0.318,0.1685,0.363,0.062,0.0885
HG01684:IBS,CEU:EUR,0.3785,0.138,0.3075,0.0475,0.1285
HG01685:IBS,GBR:EUR,0.191,0.137,0.4945,0.0555,0.122
HG01686:IBS,GBR:EUR,0.27,0.213,0.278,0.065,0.174
HG01694:IBS,TSI:EUR,0.1415,0.1755,0.1325,0.04,0.5105
HG01695:IBS,TSI:EUR,0.0535,0.0645,0.084,0.007,0.791
HG01697:IBS,GBR:EUR,0.2525,0.124,0.385,0.0645,0.174
HG01699:IBS,TSI:EUR,0.03,0.092,0.0775,0.0125,0.788
HG01700:IBS,CEU:EUR,0.415,0.1245,0.2885,0.0565,0.1155
HG01702:IBS,GBR:EUR,0.3215,0.227,0.3355,0.059,0.057
HG01704:IBS,GBR:EUR,0.231,0.097,0.349,0.1595,0.1635
HG01705:IBS,CEU:EUR,0.3075,0.094,0.2195,0.1355,0.2435
HG01707:IBS,GBR:EUR,0.2285,0.085,0.4395,0.0395,0.2075
HG01708:IBS,GBR:EUR,0.273,0.2345,0.301,0.1085,0.083
HG01709:IBS,TSI:EUR,0.0625,0.069,0.0975,0.023,0.748
HG01710:IBS,TSI:EUR,0.059,0.0675,0.123,0.016,0.7345
HG01746:IBS,TSI:EUR,0.079,0.057,0.1645,0.028,0.6715
HG01747:IBS,FIN:EUR,0.176,0.392,0.248,0.097,0.087
HG01756:IBS,CEU:EUR,0.3325,0.1035,0.2615,0.1435,0.159
HG01757:IBS,TSI:EUR,0.2245,0.1095,0.1025,0.0225,0.541
HG01761:IBS,GBR:EUR,0.186,0.3425,0.3465,0.052,0.073
HG01762:IBS,GBR:EUR,0.2485,0.121,0.28,0.1365,0.214
HG01765:IBS,TSI:EUR,0.0285,0.063,0.1055,0.009,0.794
HG01766:IBS,GBR:EUR,0.3055,0.185,0.378,0.056,0.0755
HG01767:IBS,TSI:EUR,0.1155,0.135,0.142,0.065,0.5425
HG01768:IBS,CEU:EUR,0.3475,0.2815,0.2395,0.0275,0.104
HG01770:IBS,CEU:EUR,0.283,0.1735,0.19,0.0975,0.256
HG01771:IBS,CEU:EUR,0.3085,0.196,0.1835,0.1175,0.1945
HG01773:IBS,CEU:EUR,0.3945,0.1655,0.2345,0.09,0.1155
HG01775:IBS,GBR:EUR,0.263,0.2685,0.2915,0.06,0.117
HG01776:IBS,TSI:EUR,0.0335,0.029,0.027,0.0075,0.903
HG01777:IBS,CEU:EUR,0.412,0.0645,0.2835,0.05,0.19
HG01779:IBS,TSI:EUR,0.0535,0.0325,0.0815,0.003,0.8295
HG01781:IBS,GBR:EUR,0.3015,0.105,0.444,0.083,0.0665
HG01783:IBS,CEU:EUR,0.4075,0.116,0.2755,0.045,0.156
HG01784:IBS,CEU:EUR,0.3905,0.085,0.253,0.075,0.1965
HG01785:IBS,CEU:EUR,0.3725,0.0925,0.2315,0.1175,0.186
HG01786:IBS,TSI:EUR,0.0985,0.154,0.1575,0.031,0.559
HG01789:GBR,GBR:EUR,0.3455,0.0925,0.349,0.108,0.105
HG01790:GBR,TSI:EUR,0.045,0.06,0.1095,0.0065,0.779
HG01791:GBR,CEU:EUR,0.496,0.1065,0.279,0.0635,0.055
HG01794:CDX,TSI:EUR,0.154,0.2245,0.1275,0.0445,0.4495
HG01795:CDX,TSI:EUR,0.071,0.1655,0.083,0.006,0.6745
HG01796:CDX,FIN:EUR,0.118,0.3845,0.098,0.034,0.3655
HG01797:CDX,TSI:EUR,0.081,0.204,0.114,0.0165,0.5845
HG01798:CDX,FIN:EUR,0.0965,0.4875,0.078,0.032,0.306
HG01799:CDX,TSI:EUR,0.117,0.215,0.094,0.016,0.558
HG01800:CDX,FIN:EUR,0.086,0.5345,0.117,0.031,0.2315
HG01801:CDX,FIN:EUR,0.1485,0.3685,0.1165,0.027,0.3395
HG01802:CDX,TSI:EUR,0.078,0.3885,0.087,0.053,0.3935
HG01804:CDX,FIN:EUR,0.105,0.4505,0.104,0.0465,0.294
HG01805:CDX,TSI:EUR,0.191,0.23,0.1955,0.063,0.3205
HG01806:CDX,TSI:EUR,0.1085,0.2855,0.103,0.0335,0.4695
HG01807:CDX,TSI:EUR,0.0645,0.101,0.131,0.0125,0.691
HG01808:CDX,TSI:EUR,0.0655,0.3315,0.1035,0.009,0.4905
HG01809:CDX,TSI:EUR,0.0975,0.1185,0.138,0.0485,0.5975
HG01810:CDX,FIN:EUR,0.096,0.5825,0.0635,0.046,0.212
HG01811:CDX,TSI:EUR,0.127,0.252,0.0935,0.037,0.4905
HG01812:CDX,TSI:EUR,0.1215,0.2955,0.098,0.031,0.454
HG01813:CDX,FIN:EUR,0.144,0.464,0.112,0.0445,0.2355
HG01815:CDX,TSI:EUR,0.0785,0.2725,0.091,0.043,0.515
HG01816:CDX,TSI:EUR,0.0625,0.325,0.1515,0.0115,0.4495
HG01817:CDX,FIN:EUR,0.096,0.391,0.138,0.044,0.331
HG01840:KHV,TSI:EUR,0.1195,0.331,0.0895,0.031,0.429
HG01841:KHV,TSI:EUR,0.087,0.184,0.1285,0.0365,0.564
HG01842:KHV,TSI:EUR,0.0735,0.283,0.1315,0.0425,0.4695
HG01843:KHV,TSI:EUR,0.211,0.2255,0.1495,0.0315,0.3825
HG01844:KHV,FIN:EUR,0.1,0.488,0.1005,0.0515,0.26
HG01845:KHV,FIN:EUR,0.073,0.412,0.1425,0.0155,0.357
HG01846:KHV,TSI:EUR,0.1245,0.2755,0.0895,0.0295,0.481
HG01847:KHV,FIN:EUR,0.047,0.4855,0.107,0.053,0.3075
HG01848:KHV,TSI:EUR,0.053,0.3315,0.0975,0.0275,0.4905
HG01849:KHV,FIN:EUR,0.078,0.4305,0.0515,0.016,0.424
HG01850:KHV,TSI:EUR,0.1315,0.268,0.134,0.056,0.4105
HG01851:KHV,FIN:EUR,0.096,0.396,0.094,0.038,0.376
HG01852:KHV,TSI:EUR,0.164,0.1905,0.1445,0.0855,0.4155
HG01853:KHV,TSI:EUR,0.05,0.337,0.077,0.0185,0.5175
HG01855:KHV,FIN:EUR,0.0715,0.4035,0.138,0.0345,0.3525
HG01857:KHV,TSI:EUR,0.096,0.166,0.1165,0.05,0.5715
HG01858:KHV,FIN:EUR,0.1085,0.412,0.08,0.0345,0.365
HG01859:KHV,FIN:EUR,0.055,0.5225,0.1015,0.0405,0.2805
HG01860:KHV,TSI:EUR,0.121,0.281,0.086,0.048,0.464
HG01861:KHV,FIN:EUR,0.14,0.378,0.095,0.0205,0.3665
HG01862:KHV,FIN:EUR,0.1105,0.4735,0.0955,0.0345,0.286
HG01863:KHV,TSI:EUR,0.096,0.375,0.124,0.018,0.387
HG01864:KHV,TSI:EUR,0.106,0.3195,0.1155,0.0335,0.4255
HG01865:KHV,FIN:EUR,0.067,0.4825,0.081,0.0235,0.346
HG01866:KHV,TSI:EUR,0.175,0.2495,0.145,0.0685,0.362
HG01867:KHV,TSI:EUR,0.1125,0.355,0.137,0.023,0.3725
HG01868:KHV,FIN:EUR,0.0915,0.413,0.0825,0.0355,0.3775
HG01869:KHV,FIN:EUR,0.0655,0.4885,0.0865,0.0205,0.339
HG01870:KHV,TSI:EUR,0.0645,0.2045,0.144,0.0125,0.5745
HG01871:KHV,TSI:EUR,0.0765,0.3635,0.125,0.034,0.401
HG01872:KHV,TSI:EUR,0.1105,0.373,0.0945,0.0375,0.3845
HG01873:KHV,FIN:EUR,0.1035,0.409,0.1235,0.041,0.323
HG01874:KHV,FIN:EUR,0.1445,0.4505,0.138,0.0455,0.2215
HG01878:KHV,TSI:EUR,0.1205,0.2705,0.139,0.0515,0.4185
HG01879:ACB,TSI:EUR,0.0535,0.0985,0.1345,0.0085,0.705
HG01880:ACB,FIN:EUR,0.2505,0.3455,0.2485,0.0655,0.09
HG01882:ACB,TSI:EUR,0.076,0.1165,0.1525,0.0295,0.6255
HG01883:ACB,TSI:EUR,0.0555,0.0745,0.1535,0.024,0.6925
HG01885:ACB,FIN:EUR,0.1685,0.308,0.191,0.1155,0.217
HG01886:ACB,GBR:EUR,0.1545,0.217,0.3675,0.1465,0.1145
HG01889:ACB,TSI:EUR,0.177,0.2615,0.092,0.04,0.4295
HG01890:ACB,TSI:EUR,0.0625,0.099,0.14,0.0175,0.681
HG01892:PEL,TSI:EUR,0.0935,0.1305,0.129,0.0165,0.6305
HG01893:PEL,CEU:EUR,0.3375,0.173,0.219,0.085,0.1855
HG01894:ACB,TSI:EUR,0.1575,0.2025,0.1755,0.022,0.4425
HG01896:ACB,TSI:EUR,0.0495,0.2065,0.121,0.047,0.576
HG01912:ACB,TSI:EUR,0.1045,0.2775,0.093,0.033,0.492
HG01914:ACB,TSI:EUR,0.047,0.141,0.16,0.026,0.626
HG01915:ACB,TSI:EUR,0.0535,0.0885,0.071,0.022,0.765
HG01917:PEL,FIN:EUR,0.243,0.405,0.2075,0.07,0.0745
HG01918:PEL,CEU:EUR,0.3045,0.2395,0.165,0.1205,0.1705
HG01920:PEL,TSI:EUR,0.066,0.15,0.133,0.0105,0.6405
HG01921:PEL,FIN:EUR,0.1255,0.53,0.083,0.0075,0.254
HG01923:PEL,TSI:EUR,0.1745,0.2345,0.1355,0.0095,0.446
HG01924:PEL,TSI:EUR,0.056,0.423,0.061,0.0085,0.4515
HG01926:PEL,TSI:EUR,0.1445,0.218,0.122,0.04,0.4755
HG01927:PEL,FIN:EUR,0.0915,0.45,0.111,0.0325,0.315
HG01932:PEL,TSI:EUR,0.064,0.399,0.077,0.043,0.417
HG01933:PEL,TSI:EUR,0.042,0.277,0.1205,0.0255,0.535
HG01935:PEL,TSI:EUR,0.209,0.122,0.1165,0.0235,0.529
HG01936:PEL,TSI:EUR,0.136,0.202,0.099,0.026,0.537
HG01938:PEL,TSI:EUR,0.119,0.228,0.1115,0.032,0.5095
HG01939:PEL,TSI:EUR,0.0585,0.119,0.1285,0.032,0.662
HG01941:PEL,FIN:EUR,0.162,0.3465,0.124,0.0405,0.327
HG01942:PEL,TSI:EUR,0.1195,0.2715,0.0995,0.0575,0.452
HG01944:PEL,TSI:EUR,0.119,0.375,0.0755,0.022,0.4085
HG01945:PEL,FIN:EUR,0.1285,0.4345,0.095,0.042,0.3
HG01947:PEL,FIN:EUR,0.1305,0.481,0.148,0.083,0.1575
HG01948:PEL,TSI:EUR,0.0805,0.233,0.094,0.062,0.5305
HG01950:PEL,TSI:EUR,0.081,0.3485,0.1675,0.007,0.396
HG01951:PEL,FIN:EUR,0.1125,0.474,0.054,0.042,0.3175
HG01953:PEL,TSI:EUR,0.048,0.327,0.0655,0.02,0.5395
HG01954:PEL,FIN:EUR,0.091,0.468,0.045,0.027,0.369
HG01956:ACB,TSI:EUR,0.045,0.205,0.094,0.0435,0.6125
HG01958:ACB,TSI:EUR,0.0485,0.149,0.05,0.041,0.7115
HG01961:PEL,FIN:EUR,0.1115,0.455,0.069,0.0405,0.324
HG01965:PEL,TSI:EUR,0.1405,0.1345,0.1625,0.0605,0.502
HG01967:PEL,TSI:EUR,0.1175,0.3355,0.1295,0.044,0.3735
HG01968:PEL,FIN:EUR,0.0905,0.5765,0.0625,0.0415,0.229
HG01970:PEL,GBR:EUR,0.3075,0.118,0.372,0.0765,0.126
HG01971:PEL,TSI:EUR,0.1115,0.208,0.094,0.0185,0.568
HG01973:PEL,FIN:EUR,0.23,0.346,0.185,0.0875,0.1515
HG01974:PEL,TSI:EUR,0.1965,0.267,0.128,0.0435,0.365
HG01976:PEL,TSI:EUR,0.075,0.185,0.1445,0.0145,0.581
HG01977:PEL,TSI:EUR,0.1865,0.1335,0.135,0.0465,0.4985
HG01979:PEL,TSI:EUR,0.0395,0.0765,0.087,0.007,0.79
HG01980:PEL,FIN:EUR,0.1695,0.5235,0.1255,0.0835,0.098
HG01982:PEL,TSI:EUR,0.1395,0.183,0.186,0.0105,0.481
HG01985:ACB,TSI:EUR,0.0345,0.0395,0.133,0.021,0.772
HG01986:ACB,TSI:EUR,0.056,0.0965,0.1035,0.041,0.703
HG01988:ACB,CEU:EUR,0.301,0.236,0.2475,0.0885,0.127
HG01989:ACB,TSI:EUR,0.051,0.112,0.059,0.014,0.764
HG01990:ACB,TSI:EUR,0.1805,0.103,0.223,0.0225,0.471
HG01991:PEL,FIN:EUR,0.0875,0.51,0.077,0.063,0.2625
HG01992:PEL,TSI:EUR,0.1335,0.2345,0.1655,0.055,0.4115
HG01997:PEL,FIN:EUR,0.1315,0.42,0.159,0.0745,0.215
HG02002:PEL,TSI:EUR,0.08,0.3665,0.0895,0.0475,0.4165
HG02003:PEL,CEU:EUR,0.3325,0.2755,0.3055,0.0385,0.048
HG02006:PEL,TSI:EUR,0.0945,0.0815,0.0795,0.014,0.7305
HG02008:PEL,TSI:EUR,0.153,0.2245,0.112,0.0455,0.465
HG02009:ACB,TSI:EUR,0.0975,0.148,0.131,0.037,0.5865
HG02010:ACB,GBR:EUR,0.257,0.126,0.2725,0.102,0.2425
HG02012:ACB,TSI:EUR,0.1085,0.127,0.1815,0.019,0.564
HG02013:ACB,TSI:EUR,0.0915,0.1275,0.1605,0.0415,0.579
HG02014:ACB,TSI:EUR,0.101,0.083,0.1385,0.0055,0.672
HG02016:KHV,TSI:EUR,0.1605,0.3155,0.147,0.0225,0.3545
HG02017:KHV,FIN:EUR,0.086,0.4985,0.0935,0.0375,0.2845
HG02019:KHV,TSI:EUR,0.1525,0.2785,0.101,0.0395,0.4285
HG02020:KHV,TSI:EUR,0.0655,0.3595,0.093,0.015,0.467
HG02023:KHV,TSI:EUR,0.1495,0.167,0.173,0.0225,0.488
HG02025:KHV,TSI:EUR,0.0615,0.2145,0.1905,0.016,0.5175
HG02026:KHV,FIN:EUR,0.1785,0.3705,0.106,0.0425,0.3025
HG02028:KHV,TSI:EUR,0.0765,0.373,0.069,0.039,0.4425
HG02029:KHV,FIN:EUR,0.098,0.408,0.1185,0.021,0.3545
HG02031:KHV,TSI:EUR,0.1175,0.3585,0.13,0.035,0.359
HG02032:KHV,TSI:EUR,0.076,0.3615,0.072,0.043,0.4475
HG02035:KHV,TSI:EUR,0.077,0.1355,0.1265,0.021,0.64
HG02040:KHV,FIN:EUR,0.0955,0.4065,0.107,0.0355,0.3555
HG02047:KHV,FIN:EUR,0.057,0.443,0.0715,0.024,0.4045
HG02048:KHV,TSI:EUR,0.0975,0.3635,0.103,0.055,0.381
HG02049:KHV,TSI:EUR,0.0845,0.287,0.07,0.033,0.5255
HG02050:KHV,FIN:EUR,0.125,0.451,0.105,0.054,0.265
HG02051:ACB,TSI:EUR,0.0355,0.035,0.0805,0.007,0.842
HG02052:ACB,TSI:EUR,0.169,0.2245,0.2105,0.027,0.369
HG02053:ACB,TSI:EUR,0.0745,0.1805,0.1115,0.0185,0.615
HG02054:ACB,TSI:EUR,0.041,0.3295,0.0575,0.02,0.552
