file,result,ASW:AFR,LWK:AFR,YRI:AFR
HG00096:GBR,ASW:AFR,0.938,0.0355,0.0265
HG00097:GBR,ASW:AFR,0.9405,0.0465,0.013
HG00099:GBR,ASW:AFR,0.8975,0.036,0.0665
HG00100:GBR,ASW:AFR,0.9175,0.0345,0.048
HG00101:GBR,ASW:AFR,0.904,0.034,0.062
HG00102:GBR,ASW:AFR,0.924,0.0455,0.0305
HG00103:GBR,ASW:AFR,0.833,0.0445,0.1225
HG00105:GBR,ASW:AFR,0.9325,0.0395,0.028
HG00106:GBR,ASW:AFR,0.8175,0.1105,0.072
HG00107:GBR,ASW:AFR,0.9585,0.023,0.0185
HG00108:GBR,ASW:AFR,0.7265,0.048,0.2255
HG00109:GBR,ASW:AFR,0.7655,0.0645,0.17
HG00110:GBR,ASW:AFR,0.876,0.0845,0.0395
HG00111:GBR,ASW:AFR,0.823,0.1675,0.0095
HG00112:GBR,ASW:AFR,0.957,0.0205,0.0225
HG00113:GBR,ASW:AFR,0.849,0.015,0.136
HG00114:GBR,ASW:AFR,0.874,0.09,0.036
HG00115:GBR,ASW:AFR,0.97,0.018,0.012
HG00116:GBR,ASW:AFR,0.914,0.011,0.075
HG00117:GBR,ASW:AFR,0.817,0.0935,0.0895
HG00118:GBR,ASW:AFR,0.96,0.0225,0.0175
HG00119:GBR,ASW:AFR,0.893,0.0775,0.0295
HG00120:GBR,ASW:AFR,0.7935,0.1415,0.065
HG00121:GBR,ASW:AFR,0.7585,0.2215,0.02
HG00122:GBR,ASW:AFR,0.953,0.0305,0.0165
HG00123:GBR,ASW:AFR,0.8565,0.134,0.0095
HG00125:GBR,ASW:AFR,0.892,0.0675,0.0405
HG00126:GBR,ASW:AFR,0.8405,0.0785,0.081
HG00127:GBR,ASW:AFR,0.8865,0.032,0.0815
HG00128:GBR,ASW:AFR,0.9815,0.0135,0.005
HG00129:GBR,ASW:AFR,0.735,0.184,0.081
HG00130:GBR,ASW:AFR,0.6955,0.2255,0.079
HG00131:GBR,ASW:AFR,0.9415,0.027,0.0315
HG00132:GBR,ASW:AFR,0.9415,0.039,0.0195
HG00133:GBR,ASW:AFR,0.731,0.011,0.258
HG00136:GBR,ASW:AFR,0.858,0.084,0.058
HG00137:GBR,ASW:AFR,0.9555,0.0395,0.005
HG00138:GBR,ASW:AFR,0.926,0.0445,0.0295
HG00139:GBR,ASW:AFR,0.5595,0.2235,0.217
HG00140:GBR,ASW:AFR,0.881,0.099,0.02
HG00141:GBR,ASW:AFR,0.691,0.2755,0.0335
HG00142:GBR,ASW:AFR,0.9345,0.0315,0.034
HG00143:GBR,ASW:AFR,0.874,0.0795,0.0465
HG00145:GBR,ASW:AFR,0.667,0.246,0.087
HG00146:GBR,ASW:AFR,0.949,0.0165,0.0345
HG00148:GBR,ASW:AFR,0.9195,0.0425,0.038
HG00149:GBR,ASW:AFR,0.964,0.026,0.01
HG00150:GBR,ASW:AFR,0.774,0.102,0.124
HG00151:GBR,ASW:AFR,0.8175,0.152,0.0305
HG00154:GBR,ASW:AFR,0.9365,0.06,0.0035
HG00155:GBR,ASW:AFR,0.774,0.215,0.011
HG00157:GBR,ASW:AFR,0.8515,0.1245,0.024
HG00158:GBR,ASW:AFR,0.85,0.01,0.14
HG00159:GBR,ASW:AFR,0.8995,0.073,0.0275
HG00160:GBR,ASW:AFR,0.972,0.01,0.018
HG00171:FIN,ASW:AFR,0.877,0.0995,0.0235
HG00173:FIN,ASW:AFR,0.817,0.118,0.065
HG00174:FIN,ASW:AFR,0.842,0.0975,0.0605
HG00176:FIN,ASW:AFR,0.7815,0.1955,0.023
HG00177:FIN,ASW:AFR,0.9445,0.0385,0.017
HG00178:FIN,ASW:AFR,0.8385,0.114,0.0475
HG00179:FIN,ASW:AFR,0.8835,0.076,0.0405
HG00180:FIN,ASW:AFR,0.9165,0.055,0.0285
HG00181:FIN,ASW:AFR,0.931,0.0215,0.0475
HG00182:FIN,ASW:AFR,0.8945,0.0865,0.019
HG00183:FIN,ASW:AFR,0.8045,0.1195,0.076
HG00185:FIN,ASW:AFR,0.8115,0.0815,0.107
HG00186:FIN,ASW:AFR,0.8995,0.077,0.0235
HG00187:FIN,ASW:AFR,0.889,0.055,0.056
HG00188:FIN,ASW:AFR,0.8515,0.131,0.0175
HG00189:FIN,ASW:AFR,0.8845,0.111,0.0045
HG00190:FIN,ASW:AFR,0.8345,0.0315,0.134
HG00231:GBR,ASW:AFR,0.959,0.0305,0.0105
HG00232:GBR,ASW:AFR,0.905,0.058,0.037
HG00233:GBR,ASW:AFR,0.9325,0.0405,0.027
HG00234:GBR,ASW:AFR,0.8495,0.102,0.0485
HG00235:GBR,ASW:AFR,0.816,0.1295,0.0545
HG00236:GBR,ASW:AFR,0.763,0.0395,0.1975
HG00237:GBR,ASW:AFR,0.933,0.048,0.019
HG00238:GBR,ASW:AFR,0.9815,0.0155,0.003
HG00239:GBR,ASW:AFR,0.9035,0.058,0.0385
HG00240:GBR,ASW:AFR,0.8005,0.132,0.0675
HG00242:GBR,ASW:AFR,0.8455,0.052,0.1025
HG00243:GBR,ASW:AFR,0.8345,0.0325,0.133
HG00244:GBR,ASW:AFR,0.946,0.0395,0.0145
HG00245:GBR,ASW:AFR,0.782,0.0495,0.1685
HG00246:GBR,ASW:AFR,0.9745,0.021,0.0045
HG00250:GBR,ASW:AFR,0.932,0.022,0.046
HG00251:GBR,ASW:AFR,0.779,0.12,0.101
HG00252:GBR,ASW:AFR,0.975,0.0195,0.0055
HG00253:GBR,ASW:AFR,0.934,0.0265,0.0395
HG00254:GBR,ASW:AFR,0.8765,0.118,0.0055
HG00255:GBR,ASW:AFR,0.488,0.2205,0.2915
HG00256:GBR,ASW:AFR,0.589,0.078,0.333
HG00257:GBR,ASW:AFR,0.931,0.037,0.032
HG00258:GBR,ASW:AFR,0.7245,0.1455,0.13
HG00259:GBR,ASW:AFR,0.8,0.047,0.153
HG00260:GBR,ASW:AFR,0.941,0.034,0.025
HG00261:GBR,ASW:AFR,0.873,0.0055,0.1215
HG00262:GBR,ASW:AFR,0.87,0.0705,0.0595
HG00263:GBR,ASW:AFR,0.9085,0.077,0.0145
HG00264:GBR,ASW:AFR,0.762,0.1785,0.0595
HG00265:GBR,ASW:AFR,0.946,0.0345,0.0195
HG00266:FIN,ASW:AFR,0.7565,0.1465,0.097
HG00267:FIN,ASW:AFR,0.7205,0.194,0.0855
HG00268:FIN,ASW:AFR,0.887,0.087,0.026
HG00269:FIN,ASW:AFR,0.792,0.1795,0.0285
HG00271:FIN,ASW:AFR,0.765,0.1155,0.1195
HG00272:FIN,ASW:AFR,0.9495,0.032,0.0185
HG00273:FIN,ASW:AFR,0.842,0.051,0.107
HG00274:FIN,ASW:AFR,0.9835,0.0155,0.001
HG00275:FIN,ASW:AFR,0.765,0.1215,0.1135
HG00276:FIN,ASW:AFR,0.8945,0.0845,0.021
HG00277:FIN,ASW:AFR,0.863,0.058,0.079
HG00278:FIN,ASW:AFR,0.694,0.2455,0.0605
HG00280:FIN,ASW:AFR,0.8185,0.1165,0.065
HG00281:FIN,ASW:AFR,0.9685,0.0215,0.01
HG00282:FIN,ASW:AFR,0.792,0.1815,0.0265
HG00284:FIN,ASW:AFR,0.8895,0.0765,0.034
HG00285:FIN,ASW:AFR,0.7795,0.1795,0.041
HG00288:FIN,LWK:AFR,0.431,0.5175,0.0515
HG00290:FIN,ASW:AFR,0.8675,0.1035,0.029
HG00304:FIN,ASW:AFR,0.86,0.12,0.02
HG00306:FIN,ASW:AFR,0.967,0.0235,0.0095
HG00308:FIN,ASW:AFR,0.9355,0.0405,0.024
HG00309:FIN,ASW:AFR,0.9275,0.063,0.0095
HG00310:FIN,ASW:AFR,0.976,0.023,0.001
HG00311:FIN,ASW:AFR,0.9135,0.0075,0.079
HG00313:FIN,ASW:AFR,0.9295,0.0605,0.01
HG00315:FIN,ASW:AFR,0.819,0.1235,0.0575
HG00318:FIN,ASW:AFR,0.994,0.005,0.001
HG00319:FIN,ASW:AFR,0.8765,0.106,0.0175
HG00320:FIN,ASW:AFR,0.924,0.0405,0.0355
HG00321:FIN,ASW:AFR,0.787,0.159,0.054
HG00323:FIN,ASW:AFR,0.8715,0.1195,0.009
HG00324:FIN,ASW:AFR,0.6585,0.3345,0.007
HG00325:FIN,ASW:AFR,0.844,0.148,0.008
HG00326:FIN,ASW:AFR,0.92,0.079,0.001
HG00327:FIN,ASW:AFR,0.7925,0.179,0.0285
HG00328:FIN,ASW:AFR,0.7735,0.1565,0.07
HG00329:FIN,ASW:AFR,0.848,0.1325,0.0195
HG00330:FIN,ASW:AFR,0.864,0.0475,0.0885
HG00331:FIN,ASW:AFR,0.7605,0.16,0.0795
HG00332:FIN,ASW:AFR,0.751,0.145,0.104
HG00334:FIN,ASW:AFR,0.951,0.033,0.016
HG00335:FIN,ASW:AFR,0.9465,0.029,0.0245
HG00336:FIN,ASW:AFR,0.786,0.181,0.033
HG00337:FIN,ASW:AFR,0.8845,0.095,0.0205
HG00338:FIN,ASW:AFR,0.7925,0.1175,0.09
HG00339:FIN,ASW:AFR,0.6725,0.2535,0.074
HG00341:FIN,ASW:AFR,0.946,0.0425,0.0115
HG00342:FIN,ASW:AFR,0.7935,0.1705,0.036
HG00343:FIN,ASW:AFR,0.751,0.121,0.128
HG00344:FIN,ASW:AFR,0.9755,0.018,0.0065
HG00345:FIN,ASW:AFR,0.5345,0.3845,0.081
HG00346:FIN,ASW:AFR,0.9325,0.0395,0.028
HG00349:FIN,ASW:AFR,0.8925,0.062,0.0455
HG00350:FIN,ASW:AFR,0.9045,0.078,0.0175
HG00351:FIN,ASW:AFR,0.909,0.0785,0.0125
HG00353:FIN,ASW:AFR,0.7585,0.0985,0.143
HG00355:FIN,ASW:AFR,0.985,0.014,0.001
HG00356:FIN,ASW:AFR,0.7795,0.1795,0.041
HG00357:FIN,ASW:AFR,0.9425,0.037,0.0205
HG00358:FIN,ASW:AFR,0.7755,0.153,0.0715
HG00360:FIN,ASW:AFR,0.8185,0.121,0.0605
HG00361:FIN,ASW:AFR,0.923,0.068,0.009
HG00362:FIN,ASW:AFR,0.9135,0.0725,0.014
HG00364:FIN,ASW:AFR,0.9465,0.021,0.0325
HG00365:FIN,ASW:AFR,0.895,0.0915,0.0135
HG00366:FIN,ASW:AFR,0.8455,0.118,0.0365
HG00367:FIN,ASW:AFR,0.878,0.0495,0.0725
HG00368:FIN,ASW:AFR,0.81,0.059,0.131
HG00369:FIN,ASW:AFR,0.7485,0.2115,0.04
HG00371:FIN,ASW:AFR,0.8665,0.1215,0.012
HG00372:FIN,ASW:AFR,0.8325,0.113,0.0545
HG00373:FIN,ASW:AFR,0.9215,0.0415,0.037
HG00375:FIN,ASW:AFR,0.5795,0.3435,0.077
HG00376:FIN,ASW:AFR,0.773,0.216,0.011
HG00378:FIN,ASW:AFR,0.9745,0.021,0.0045
HG00379:FIN,ASW:AFR,0.7065,0.278,0.0155
HG00380:FIN,ASW:AFR,0.9205,0.022,0.0575
HG00381:FIN,ASW:AFR,0.8525,0.1315,0.016
HG00382:FIN,ASW:AFR,0.7585,0.131,0.1105
HG00383:FIN,ASW:AFR,0.9255,0.0615,0.013
HG00384:FIN,ASW:AFR,0.753,0.1195,0.1275
HG00403:CHS,ASW:AFR,0.9625,0.0325,0.005
HG00404:CHS,ASW:AFR,0.762,0.1705,0.0675
HG00406:CHS,ASW:AFR,0.5985,0.394,0.0075
HG00407:CHS,ASW:AFR,0.9475,0.037,0.0155
HG00409:CHS,ASW:AFR,0.841,0.1455,0.0135
HG00410:CHS,ASW:AFR,0.941,0.048,0.011
HG00419:CHS,ASW:AFR,0.7055,0.274,0.0205
HG00421:CHS,ASW:AFR,0.845,0.1345,0.0205
HG00422:CHS,ASW:AFR,0.6445,0.3225,0.033
HG00428:CHS,ASW:AFR,0.9365,0.054,0.0095
HG00436:CHS,ASW:AFR,0.7155,0.211,0.0735
HG00437:CHS,ASW:AFR,0.6685,0.2055,0.126
HG00442:CHS,ASW:AFR,0.5675,0.4055,0.027
HG00443:CHS,ASW:AFR,0.9225,0.0635,0.014
HG00445:CHS,ASW:AFR,0.723,0.259,0.018
HG00446:CHS,ASW:AFR,0.7175,0.258,0.0245
HG00448:CHS,ASW:AFR,0.9065,0.074,0.0195
HG00449:CHS,ASW:AFR,0.712,0.227,0.061
HG00451:CHS,ASW:AFR,0.9015,0.0635,0.035
HG00452:CHS,ASW:AFR,0.685,0.2845,0.0305
HG00457:CHS,ASW:AFR,0.6195,0.3555,0.025
HG00458:CHS,ASW:AFR,0.8745,0.093,0.0325
HG00463:CHS,ASW:AFR,0.816,0.17,0.014
HG00464:CHS,ASW:AFR,0.7395,0.2145,0.046
HG00472:CHS,ASW:AFR,0.8785,0.111,0.0105
HG00473:CHS,ASW:AFR,0.6005,0.3555,0.044
HG00475:CHS,ASW:AFR,0.9565,0.029,0.0145
HG00476:CHS,ASW:AFR,0.965,0.0325,0.0025
HG00478:CHS,ASW:AFR,0.7505,0.222,0.0275
HG00479:CHS,ASW:AFR,0.8855,0.0995,0.015
HG00500:CHS,ASW:AFR,0.707,0.265,0.028
HG00513:CHS,ASW:AFR,0.696,0.191,0.113
HG00524:CHS,ASW:AFR,0.956,0.034,0.01
HG00525:CHS,ASW:AFR,0.9135,0.0585,0.028
HG00530:CHS,ASW:AFR,0.613,0.3465,0.0405
HG00531:CHS,ASW:AFR,0.7135,0.2575,0.029
HG00533:CHS,ASW:AFR,0.809,0.1225,0.0685
HG00534:CHS,ASW:AFR,0.661,0.2065,0.1325
HG00536:CHS,ASW:AFR,0.965,0.025,0.01
HG00537:CHS,ASW:AFR,0.9665,0.0255,0.008
HG00542:CHS,ASW:AFR,0.8205,0.14,0.0395
HG00543:CHS,ASW:AFR,0.8165,0.149,0.0345
HG00551:PUR,ASW:AFR,0.717,0.027,0.256
HG00553:PUR,ASW:AFR,0.9475,0.0495,0.003
HG00554:PUR,ASW:AFR,0.8265,0.165,0.0085
HG00556:CHS,ASW:AFR,0.9235,0.064,0.0125
HG00557:CHS,ASW:AFR,0.912,0.077,0.011
HG00559:CHS,ASW:AFR,0.6405,0.3275,0.032
HG00560:CHS,ASW:AFR,0.782,0.1985,0.0195
HG00565:CHS,ASW:AFR,0.7305,0.24,0.0295
HG00566:CHS,ASW:AFR,0.877,0.107,0.016
HG00580:CHS,ASW:AFR,0.772,0.18,0.048
HG00581:CHS,ASW:AFR,0.8775,0.0615,0.061
HG00583:CHS,ASW:AFR,0.875,0.1085,0.0165
HG00584:CHS,ASW:AFR,0.933,0.0645,0.0025
HG00589:CHS,ASW:AFR,0.866,0.118,0.016
HG00590:CHS,LWK:AFR,0.4335,0.457,0.1095
HG00592:CHS,ASW:AFR,0.9035,0.077,0.0195
HG00593:CHS,ASW:AFR,0.682,0.246,0.072
HG00595:CHS,ASW:AFR,0.8715,0.1195,0.009
HG00596:CHS,ASW:AFR,0.8045,0.1835,0.012
HG00598:CHS,ASW:AFR,0.7085,0.274,0.0175
HG00599:CHS,ASW:AFR,0.9725,0.0235,0.004
HG00607:CHS,ASW:AFR,0.707,0.208,0.085
HG00608:CHS,ASW:AFR,0.443,0.426,0.131
HG00610:CHS,ASW:AFR,0.867,0.1305,0.0025
HG00611:CHS,ASW:AFR,0.7015,0.232,0.0665
HG00613:CHS,ASW:AFR,0.913,0.081,0.006
HG00614:CHS,ASW:AFR,0.7695,0.2205,0.01
HG00619:CHS,ASW:AFR,0.941,0.033,0.026
HG00620:CHS,ASW:AFR,0.752,0.216,0.032
HG00622:CHS,ASW:AFR,0.599,0.3675,0.0335
HG00623:CHS,ASW:AFR,0.883,0.088,0.029
HG00625:CHS,ASW:AFR,0.8375,0.1505,0.012
HG00626:CHS,ASW:AFR,0.62,0.2105,0.1695
HG00628:CHS,ASW:AFR,0.8095,0.1735,0.017
HG00629:CHS,ASW:AFR,0.5825,0.3865,0.031
HG00631:CHS,ASW:AFR,0.823,0.153,0.024
HG00632:CHS,ASW:AFR,0.948,0.0395,0.0125
HG00634:CHS,ASW:AFR,0.889,0.075,0.036
HG00637:PUR,ASW:AFR,0.727,0.224,0.049
HG00638:PUR,ASW:AFR,0.896,0.0125,0.0915
HG00640:PUR,ASW:AFR,0.9115,0.058,0.0305
HG00641:PUR,ASW:AFR,0.883,0.05,0.067
HG00650:CHS,ASW:AFR,0.7515,0.1755,0.073
HG00651:CHS,ASW:AFR,0.9865,0.0115,0.002
HG00653:CHS,ASW:AFR,0.6105,0.372,0.0175
HG00654:CHS,ASW:AFR,0.6955,0.2605,0.044
HG00656:CHS,LWK:AFR,0.4805,0.491,0.0285
HG00657:CHS,ASW:AFR,0.6325,0.3155,0.052
HG00662:CHS,ASW:AFR,0.6925,0.2765,0.031
HG00663:CHS,ASW:AFR,0.5685,0.363,0.0685
HG00671:CHS,ASW:AFR,0.94,0.044,0.016
HG00672:CHS,ASW:AFR,0.628,0.295,0.077
HG00674:CHS,ASW:AFR,0.5525,0.3535,0.094
HG00675:CHS,ASW:AFR,0.8115,0.1595,0.029
HG00683:CHS,ASW:AFR,0.6905,0.2245,0.085
HG00684:CHS,ASW:AFR,0.742,0.2435,0.0145
HG00689:CHS,ASW:AFR,0.916,0.074,0.01
HG00690:CHS,ASW:AFR,0.876,0.038,0.086
HG00692:CHS,ASW:AFR,0.6745,0.299,0.0265
HG00693:CHS,ASW:AFR,0.917,0.019,0.064
HG00698:CHS,ASW:AFR,0.697,0.221,0.082
HG00699:CHS,ASW:AFR,0.554,0.314,0.132
HG00701:CHS,ASW:AFR,0.513,0.4615,0.0255
HG00704:CHS,ASW:AFR,0.662,0.302,0.036
HG00705:CHS,ASW:AFR,0.7565,0.221,0.0225
HG00707:CHS,ASW:AFR,0.7675,0.173,0.0595
HG00708:CHS,ASW:AFR,0.845,0.1345,0.0205
HG00717:CHS,ASW:AFR,0.814,0.1695,0.0165
HG00728:CHS,ASW:AFR,0.9175,0.0785,0.004
HG00729:CHS,ASW:AFR,0.8615,0.112,0.0265
HG00731:PUR,ASW:AFR,0.722,0.2505,0.0275
HG00732:PUR,ASW:AFR,0.989,0.0105,0.0005
HG00734:PUR,ASW:AFR,0.7925,0.1335,0.074
HG00736:PUR,ASW:AFR,0.823,0.1435,0.0335
HG00737:PUR,ASW:AFR,0.7225,0.1775,0.1
HG00739:PUR,ASW:AFR,0.674,0.212,0.114
HG00740:PUR,ASW:AFR,0.9555,0.0385,0.006
HG00742:PUR,ASW:AFR,0.859,0.0765,0.0645
HG00743:PUR,ASW:AFR,0.574,0.4025,0.0235
HG00759:CDX,ASW:AFR,0.6915,0.2425,0.066
HG00766:CDX,ASW:AFR,0.5755,0.3745,0.05
HG00844:CDX,ASW:AFR,0.912,0.077,0.011
HG00851:CDX,LWK:AFR,0.3255,0.405,0.2695
HG00864:CDX,ASW:AFR,0.757,0.205,0.038
HG00867:CDX,ASW:AFR,0.5355,0.4355,0.029
HG00879:CDX,ASW:AFR,0.8325,0.1365,0.031
HG00881:CDX,ASW:AFR,0.9435,0.0445,0.012
HG00956:CDX,ASW:AFR,0.6005,0.3555,0.044
HG00978:CDX,ASW:AFR,0.7765,0.0905,0.133
HG00982:CDX,ASW:AFR,0.909,0.0785,0.0125
HG01028:CDX,ASW:AFR,0.856,0.098,0.046
HG01029:CDX,ASW:AFR,0.7745,0.191,0.0345
HG01031:CDX,ASW:AFR,0.873,0.123,0.004
HG01046:CDX,ASW:AFR,0.93,0.064,0.006
HG01047:PUR,ASW:AFR,0.855,0.038,0.107
HG01048:PUR,ASW:AFR,0.9805,0.0135,0.006
HG01049:PUR,ASW:AFR,0.9225,0.032,0.0455
HG01051:PUR,ASW:AFR,0.8645,0.115,0.0205
HG01052:PUR,ASW:AFR,0.6105,0.228,0.1615
HG01054:PUR,ASW:AFR,0.8455,0.1325,0.022
HG01055:PUR,ASW:AFR,0.867,0.064,0.069
HG01058:PUR,ASW:AFR,0.7985,0.162,0.0395
HG01060:PUR,ASW:AFR,0.808,0.129,0.063
HG01061:PUR,ASW:AFR,0.9035,0.058,0.0385
HG01063:PUR,ASW:AFR,0.925,0.069,0.006
HG01064:PUR,ASW:AFR,0.894,0.101,0.005
HG01066:PUR,ASW:AFR,0.969,0.017,0.014
HG01067:PUR,ASW:AFR,0.8195,0.1095,0.071
HG01069:PUR,ASW:AFR,0.928,0.045,0.027
HG01070:PUR,ASW:AFR,0.6615,0.1205,0.218
HG01072:PUR,ASW:AFR,0.8665,0.09,0.0435
HG01073:PUR,ASW:AFR,0.733,0.233,0.034
HG01075:PUR,ASW:AFR,0.648,0.0605,0.2915
HG01077:PUR,ASW:AFR,0.7975,0.174,0.0285
HG01079:PUR,ASW:AFR,0.8135,0.0735,0.113
HG01080:PUR,ASW:AFR,0.755,0.066,0.179
HG01082:PUR,ASW:AFR,0.957,0.0415,0.0015
HG01083:PUR,ASW:AFR,0.926,0.0245,0.0495
HG01085:PUR,ASW:AFR,0.836,0.0835,0.0805
HG01086:PUR,ASW:AFR,0.8155,0.081,0.1035
HG01088:PUR,ASW:AFR,0.829,0.1205,0.0505
HG01089:PUR,ASW:AFR,0.8435,0.0985,0.058
HG01092:PUR,ASW:AFR,0.9675,0.019,0.0135
HG01094:PUR,ASW:AFR,0.7755,0.102,0.1225
HG01095:PUR,ASW:AFR,0.841,0.0355,0.1235
HG01097:PUR,ASW:AFR,0.8795,0.0645,0.056
HG01098:PUR,ASW:AFR,0.624,0.178,0.198
HG01101:PUR,ASW:AFR,0.903,0.027,0.07
HG01102:PUR,ASW:AFR,0.9515,0.0315,0.017
HG01104:PUR,ASW:AFR,0.9395,0.0185,0.042
HG01105:PUR,ASW:AFR,0.8885,0.1065,0.005
HG01107:PUR,ASW:AFR,0.8385,0.126,0.0355
HG01108:PUR,YRI:AFR,0.3585,0.164,0.4775
HG01110:PUR,ASW:AFR,0.7435,0.2485,0.008
HG01111:PUR,ASW:AFR,0.9005,0.0755,0.024
HG01112:CLM,ASW:AFR,0.9655,0.0275,0.007
HG01113:CLM,ASW:AFR,0.859,0.076,0.065
HG01119:CLM,ASW:AFR,0.9305,0.061,0.0085
HG01121:CLM,ASW:AFR,0.6895,0.2735,0.037
HG01122:CLM,ASW:AFR,0.9145,0.074,0.0115
HG01124:CLM,ASW:AFR,0.847,0.052,0.101
HG01125:CLM,ASW:AFR,0.9005,0.058,0.0415
HG01130:CLM,ASW:AFR,0.91,0.0725,0.0175
HG01131:CLM,ASW:AFR,0.814,0.1215,0.0645
HG01133:CLM,ASW:AFR,0.7445,0.216,0.0395
HG01134:CLM,ASW:AFR,0.924,0.0575,0.0185
HG01136:CLM,ASW:AFR,0.8655,0.111,0.0235
HG01137:CLM,ASW:AFR,0.8745,0.026,0.0995
HG01139:CLM,ASW:AFR,0.87,0.0925,0.0375
HG01140:CLM,ASW:AFR,0.904,0.0575,0.0385
HG01142:CLM,ASW:AFR,0.952,0.044,0.004
HG01148:CLM,ASW:AFR,0.966,0.02,0.014
HG01149:CLM,ASW:AFR,0.802,0.1595,0.0385
HG01161:PUR,LWK:AFR,0.477,0.483,0.04
HG01162:PUR,ASW:AFR,0.966,0.0185,0.0155
HG01164:PUR,ASW:AFR,0.937,0.051,0.012
HG01167:PUR,ASW:AFR,0.9735,0.0255,0.001
HG01168:PUR,ASW:AFR,0.8455,0.049,0.1055
HG01170:PUR,ASW:AFR,0.9305,0.022,0.0475
HG01171:PUR,ASW:AFR,0.8095,0.1825,0.008
HG01173:PUR,ASW:AFR,0.668,0.2145,0.1175
HG01174:PUR,ASW:AFR,0.907,0.054,0.039
HG01176:PUR,ASW:AFR,0.8685,0.0915,0.04
HG01177:PUR,ASW:AFR,0.987,0.01,0.003
HG01182:PUR,ASW:AFR,0.9505,0.019,0.0305
HG01183:PUR,ASW:AFR,0.7375,0.216,0.0465
HG01187:PUR,ASW:AFR,0.9655,0.0195,0.015
HG01188:PUR,ASW:AFR,0.933,0.056,0.011
HG01190:PUR,ASW:AFR,0.897,0.079,0.024
HG01191:PUR,ASW:AFR,0.9785,0.0125,0.009
HG01197:PUR,ASW:AFR,0.897,0.078,0.025
HG01198:PUR,ASW:AFR,0.7005,0.2455,0.054
HG01200:PUR,ASW:AFR,0.5725,0.149,0.2785
HG01204:PUR,ASW:AFR,0.951,0.0145,0.0345
HG01205:PUR,ASW:AFR,0.88,0.058,0.062
HG01241:PUR,ASW:AFR,0.9075,0.066,0.0265
HG01242:PUR,ASW:AFR,0.961,0.0235,0.0155
HG01247:PUR,ASW:AFR,0.752,0.232,0.016
HG01248:PUR,ASW:AFR,0.845,0.1095,0.0455
HG01250:CLM,ASW:AFR,0.504,0.4795,0.0165
HG01251:CLM,ASW:AFR,0.941,0.048,0.011
HG01253:CLM,ASW:AFR,0.9715,0.0135,0.015
HG01254:CLM,ASW:AFR,0.748,0.224,0.028
HG01256:CLM,ASW:AFR,0.923,0.041,0.036
HG01257:CLM,ASW:AFR,0.959,0.038,0.003
HG01259:CLM,ASW:AFR,0.8655,0.1185,0.016
HG01260:CLM,ASW:AFR,0.946,0.033,0.021
HG01269:CLM,ASW:AFR,0.8015,0.187,0.0115
HG01271:CLM,ASW:AFR,0.9805,0.0095,0.01
HG01272:CLM,ASW:AFR,0.943,0.016,0.041
HG01275:CLM,ASW:AFR,0.7745,0.029,0.1965
HG01277:CLM,ASW:AFR,0.897,0.047,0.056
HG01280:CLM,ASW:AFR,0.913,0.051,0.036
HG01281:CLM,ASW:AFR,0.7025,0.06,0.2375
HG01284:CLM,ASW:AFR,0.9555,0.011,0.0335
HG01286:PUR,ASW:AFR,0.93,0.0165,0.0535
HG01302:PUR,ASW:AFR,0.7965,0.1875,0.016
HG01303:PUR,ASW:AFR,0.9645,0.0225,0.013
HG01305:PUR,ASW:AFR,0.7905,0.1825,0.027
HG01308:PUR,ASW:AFR,0.9365,0.0365,0.027
HG01311:PUR,ASW:AFR,0.936,0.0385,0.0255
HG01312:PUR,ASW:AFR,0.8645,0.046,0.0895
HG01323:PUR,LWK:AFR,0.242,0.5605,0.1975
HG01325:PUR,ASW:AFR,0.908,0.088,0.004
HG01326:PUR,ASW:AFR,0.987,0.011,0.002
HG01334:GBR,ASW:AFR,0.7425,0.153,0.1045
HG01341:CLM,ASW:AFR,0.9645,0.03,0.0055
HG01342:CLM,ASW:AFR,0.7965,0.1285,0.075
HG01344:CLM,ASW:AFR,0.9465,0.0275,0.026
HG01345:CLM,ASW:AFR,0.905,0.0635,0.0315
HG01348:CLM,ASW:AFR,0.809,0.172,0.019
HG01350:CLM,ASW:AFR,0.8465,0.1055,0.048
HG01351:CLM,ASW:AFR,0.8445,0.0945,0.061
HG01353:CLM,ASW:AFR,0.9325,0.0395,0.028
HG01354:CLM,ASW:AFR,0.9895,0.0075,0.003
HG01356:CLM,ASW:AFR,0.6675,0.3005,0.032
HG01357:CLM,ASW:AFR,0.526,0.4,0.074
HG01359:CLM,ASW:AFR,0.961,0.0175,0.0215
HG01360:CLM,ASW:AFR,0.8945,0.074,0.0315
HG01362:CLM,ASW:AFR,0.967,0.0315,0.0015
HG01363:CLM,ASW:AFR,0.8685,0.12,0.0115
HG01365:CLM,ASW:AFR,0.9,0.073,0.027
HG01366:CLM,ASW:AFR,0.8185,0.1245,0.057
HG01369:CLM,ASW:AFR,0.868,0.104,0.028
HG01372:CLM,ASW:AFR,0.856,0.088,0.056
HG01374:CLM,ASW:AFR,0.845,0.15,0.005
HG01375:CLM,ASW:AFR,0.89,0.07,0.04
HG01377:CLM,ASW:AFR,0.932,0.0205,0.0475
HG01378:CLM,ASW:AFR,0.6915,0.207,0.1015
HG01383:CLM,ASW:AFR,0.85,0.099,0.051
HG01384:CLM,ASW:AFR,0.972,0.008,0.02
HG01389:CLM,ASW:AFR,0.7015,0.2485,0.05
HG01390:CLM,ASW:AFR,0.97,0.012,0.018
HG01392:PUR,ASW:AFR,0.9425,0.027,0.0305
HG01393:PUR,ASW:AFR,0.888,0.1065,0.0055
HG01395:PUR,ASW:AFR,0.8065,0.14,0.0535
HG01396:PUR,ASW:AFR,0.9625,0.029,0.0085
HG01398:PUR,ASW:AFR,0.8565,0.131,0.0125
HG01402:PUR,ASW:AFR,0.823,0.0385,0.1385
HG01403:PUR,ASW:AFR,0.987,0.012,0.001
HG01405:PUR,ASW:AFR,0.7335,0.0785,0.188
HG01412:PUR,ASW:AFR,0.835,0.0465,0.1185
HG01413:PUR,ASW:AFR,0.9915,0.006,0.0025
HG01414:PUR,ASW:AFR,0.8475,0.087,0.0655
HG01431:CLM,ASW:AFR,0.8985,0.0745,0.027
HG01432:CLM,ASW:AFR,0.8185,0.121,0.0605
HG01435:CLM,ASW:AFR,0.9945,0.005,0.0005
HG01437:CLM,ASW:AFR,0.781,0.142,0.077
HG01438:CLM,ASW:AFR,0.94,0.054,0.006
HG01440:CLM,ASW:AFR,0.7275,0.151,0.1215
HG01441:CLM,ASW:AFR,0.9495,0.0305,0.02
HG01443:CLM,ASW:AFR,0.864,0.1125,0.0235
HG01444:CLM,ASW:AFR,0.923,0.0665,0.0105
HG01447:CLM,ASW:AFR,0.894,0.0595,0.0465
HG01455:CLM,ASW:AFR,0.9285,0.043,0.0285
HG01456:CLM,ASW:AFR,0.837,0.1285,0.0345
HG01459:CLM,ASW:AFR,0.8995,0.0475,0.053
HG01461:CLM,ASW:AFR,0.8655,0.074,0.0605
HG01462:CLM,ASW:AFR,0.7995,0.0815,0.119
HG01464:CLM,ASW:AFR,0.958,0.0235,0.0185
HG01465:CLM,ASW:AFR,0.9365,0.02,0.0435
HG01468:CLM,ASW:AFR,0.833,0.139,0.028
HG01474:CLM,ASW:AFR,0.888,0.0765,0.0355
HG01479:CLM,ASW:AFR,0.6435,0.076,0.2805
HG01485:CLM,ASW:AFR,0.723,0.1115,0.1655
HG01486:CLM,ASW:AFR,0.5745,0.356,0.0695
HG01488:CLM,ASW:AFR,0.8565,0.1215,0.022
HG01489:CLM,ASW:AFR,0.9085,0.0305,0.061
HG01491:CLM,ASW:AFR,0.8315,0.0485,0.12
HG01492:CLM,ASW:AFR,0.6625,0.3055,0.032
HG01494:CLM,ASW:AFR,0.955,0.038,0.007
HG01495:CLM,ASW:AFR,0.9605,0.02,0.0195
HG01497:CLM,ASW:AFR,0.817,0.0655,0.1175
HG01498:CLM,ASW:AFR,0.8435,0.073,0.0835
HG01500:IBS,ASW:AFR,0.862,0.061,0.077
HG01501:IBS,ASW:AFR,0.963,0.0265,0.0105
HG01503:IBS,ASW:AFR,0.935,0.0245,0.0405
HG01504:IBS,ASW:AFR,0.774,0.18,0.046
HG01506:IBS,ASW:AFR,0.803,0.164,0.033
HG01507:IBS,ASW:AFR,0.915,0.0415,0.0435
HG01509:IBS,ASW:AFR,0.906,0.0265,0.0675
HG01510:IBS,ASW:AFR,0.856,0.0875,0.0565
HG01512:IBS,ASW:AFR,0.774,0.1675,0.0585
HG01513:IBS,ASW:AFR,0.9035,0.058,0.0385
HG01515:IBS,ASW:AFR,0.893,0.087,0.02
HG01516:IBS,ASW:AFR,0.841,0.1095,0.0495
HG01518:IBS,ASW:AFR,0.662,0.302,0.036
HG01519:IBS,ASW:AFR,0.9585,0.023,0.0185
HG01521:IBS,ASW:AFR,0.593,0.368,0.039
HG01522:IBS,ASW:AFR,0.8265,0.0735,0.1
HG01524:IBS,ASW:AFR,0.8905,0.089,0.0205
HG01525:IBS,ASW:AFR,0.708,0.2725,0.0195
HG01527:IBS,ASW:AFR,0.9095,0.046,0.0445
HG01528:IBS,ASW:AFR,0.9055,0.0275,0.067
HG01530:IBS,ASW:AFR,0.9225,0.0275,0.05
HG01531:IBS,ASW:AFR,0.952,0.0335,0.0145
HG01536:IBS,ASW:AFR,0.9325,0.0395,0.028
HG01537:IBS,ASW:AFR,0.6375,0.1805,0.182
HG01550:CLM,ASW:AFR,0.77,0.1475,0.0825
HG01551:CLM,ASW:AFR,0.918,0.0665,0.0155
HG01556:CLM,ASW:AFR,0.6745,0.225,0.1005
HG01565:PEL,ASW:AFR,0.8545,0.101,0.0445
HG01566:PEL,ASW:AFR,0.9875,0.0085,0.004
HG01571:PEL,ASW:AFR,0.9755,0.02,0.0045
HG01572:PEL,ASW:AFR,0.9385,0.0525,0.009
HG01577:PEL,ASW:AFR,0.8995,0.0525,0.048
HG01578:PEL,ASW:AFR,0.9455,0.033,0.0215
HG01583:PJL,ASW:AFR,0.6565,0.181,0.1625
HG01586:PJL,ASW:AFR,0.892,0.0955,0.0125
HG01589:PJL,ASW:AFR,0.639,0.287,0.074
HG01593:PJL,ASW:AFR,0.915,0.0715,0.0135
HG01595:KHV,ASW:AFR,0.831,0.1405,0.0285
HG01596:KHV,ASW:AFR,0.7905,0.1515,0.058
HG01597:KHV,ASW:AFR,0.7065,0.2885,0.005
HG01598:KHV,ASW:AFR,0.8715,0.081,0.0475
HG01599:KHV,ASW:AFR,0.8995,0.0885,0.012
HG01600:KHV,ASW:AFR,0.811,0.146,0.043
HG01602:IBS,ASW:AFR,0.861,0.075,0.064
HG01603:IBS,ASW:AFR,0.883,0.0925,0.0245
HG01605:IBS,ASW:AFR,0.763,0.1685,0.0685
HG01606:IBS,ASW:AFR,0.8315,0.057,0.1115
HG01607:IBS,ASW:AFR,0.9575,0.026,0.0165
HG01608:IBS,ASW:AFR,0.915,0.0565,0.0285
HG01610:IBS,ASW:AFR,0.8195,0.17,0.0105
HG01612:IBS,ASW:AFR,0.8385,0.1025,0.059
HG01613:IBS,ASW:AFR,0.728,0.2395,0.0325
HG01615:IBS,ASW:AFR,0.8135,0.1125,0.074
HG01617:IBS,ASW:AFR,0.911,0.0845,0.0045
HG01618:IBS,ASW:AFR,0.8725,0.061,0.0665
HG01619:IBS,ASW:AFR,0.955,0.0345,0.0105
HG01620:IBS,ASW:AFR,0.536,0.2695,0.1945
HG01623:IBS,ASW:AFR,0.9165,0.07,0.0135
HG01624:IBS,ASW:AFR,0.8955,0.064,0.0405
HG01625:IBS,ASW:AFR,0.7605,0.198,0.0415
HG01626:IBS,ASW:AFR,0.97,0.0125,0.0175
HG01628:IBS,ASW:AFR,0.9485,0.05,0.0015
HG01630:IBS,ASW:AFR,0.954,0.0445,0.0015
HG01631:IBS,ASW:AFR,0.786,0.1,0.114
HG01632:IBS,ASW:AFR,0.8905,0.0965,0.013
HG01668:IBS,ASW:AFR,0.97,0.027,0.003
HG01669:IBS,ASW:AFR,0.8705,0.0925,0.037
HG01670:IBS,ASW:AFR,0.949,0.0495,0.0015
HG01672:IBS,ASW:AFR,0.9385,0.052,0.0095
HG01673:IBS,ASW:AFR,0.7815,0.2005,0.018
HG01675:IBS,ASW:AFR,0.8015,0.137,0.0615
HG01676:IBS,ASW:AFR,0.8865,0.092,0.0215
HG01678:IBS,ASW:AFR,0.809,0.163,0.028
HG01679:IBS,ASW:AFR,0.8335,0.1475,0.019
HG01680:IBS,ASW:AFR,0.8645,0.0475,0.088
HG01682:IBS,ASW:AFR,0.827,0.1635,0.0095
HG01684:IBS,ASW:AFR,0.895,0.086,0.019
HG01685:IBS,ASW:AFR,0.4855,0.3435,0.171
HG01686:IBS,ASW:AFR,0.5275,0.465,0.0075
HG01694:IBS,ASW:AFR,0.935,0.062,0.003
HG01695:IBS,ASW:AFR,0.9515,0.0405,0.008
HG01697:IBS,ASW:AFR,0.9375,0.055,0.0075
HG01699:IBS,ASW:AFR,0.941,0.034,0.025
HG01700:IBS,ASW:AFR,0.8725,0.1105,0.017
HG01702:IBS,ASW:AFR,0.893,0.073,0.034
HG01704:IBS,ASW:AFR,0.833,0.082,0.085
HG01705:IBS,ASW:AFR,0.9445,0.0155,0.04
HG01707:IBS,ASW:AFR,0.738,0.135,0.127
HG01708:IBS,ASW:AFR,0.718,0.2295,0.0525
HG01709:IBS,ASW:AFR,0.929,0.021,0.05
HG01710:IBS,ASW:AFR,0.8835,0.072,0.0445
HG01746:IBS,ASW:AFR,0.9855,0.01,0.0045
HG01747:IBS,ASW:AFR,0.9375,0.0555,0.007
HG01756:IBS,ASW:AFR,0.7565,0.1255,0.118
HG01757:IBS,ASW:AFR,0.7285,0.211,0.0605
HG01761:IBS,ASW:AFR,0.6995,0.283,0.0175
HG01762:IBS,ASW:AFR,0.8445,0.077,0.0785
HG01765:IBS,ASW:AFR,0.9615,0.019,0.0195
HG01766:IBS,ASW:AFR,0.9815,0.0135,0.005
HG01767:IBS,ASW:AFR,0.7275,0.149,0.1235
HG01768:IBS,ASW:AFR,0.953,0.021,0.026
HG01770:IBS,ASW:AFR,0.893,0.0615,0.0455
HG01771:IBS,ASW:AFR,0.984,0.013,0.003
HG01773:IBS,ASW:AFR,0.9185,0.0625,0.019
HG01775:IBS,ASW:AFR,0.7935,0.1775,0.029
HG01776:IBS,ASW:AFR,0.889,0.078,0.033
HG01777:IBS,ASW:AFR,0.843,0.0785,0.0785
HG01779:IBS,ASW:AFR,0.772,0.2105,0.0175
HG01781:IBS,ASW:AFR,0.9275,0.0085,0.064
HG01783:IBS,ASW:AFR,0.718,0.226,0.056
HG01784:IBS,ASW:AFR,0.9095,0.0205,0.07
HG01785:IBS,ASW:AFR,0.822,0.1375,0.0405
HG01786:IBS,ASW:AFR,0.856,0.114,0.03
HG01789:GBR,ASW:AFR,0.923,0.0435,0.0335
HG01790:GBR,ASW:AFR,0.9925,0.0055,0.002
HG01791:GBR,ASW:AFR,0.7795,0.1795,0.041
HG01794:CDX,ASW:AFR,0.813,0.091,0.096
HG01795:CDX,ASW:AFR,0.7185,0.2555,0.026
HG01796:CDX,ASW:AFR,0.8035,0.1495,0.047
HG01797:CDX,ASW:AFR,0.739,0.224,0.037
HG01798:CDX,ASW:AFR,0.7645,0.2195,0.016
HG01799:CDX,ASW:AFR,0.498,0.4945,0.0075
HG01800:CDX,ASW:AFR,0.7985,0.1265,0.075
HG01801:CDX,ASW:AFR,0.9535,0.0365,0.01
HG01802:CDX,ASW:AFR,0.6985,0.2835,0.018
HG01804:CDX,ASW:AFR,0.9075,0.0865,0.006
HG01805:CDX,ASW:AFR,0.9385,0.052,0.0095
HG01806:CDX,ASW:AFR,0.7335,0.2335,0.033
HG01807:CDX,ASW:AFR,0.6555,0.248,0.0965
HG01808:CDX,ASW:AFR,0.5295,0.4315,0.039
HG01809:CDX,LWK:AFR,0.44,0.5125,0.0475
HG01810:CDX,ASW:AFR,0.9745,0.0235,0.002
HG01811:CDX,ASW:AFR,0.756,0.2105,0.0335
HG01812:CDX,ASW:AFR,0.925,0.0565,0.0185
HG01813:CDX,ASW:AFR,0.9245,0.042,0.0335
HG01815:CDX,ASW:AFR,0.805,0.1665,0.0285
HG01816:CDX,ASW:AFR,0.936,0.0105,0.0535
HG01817:CDX,ASW:AFR,0.877,0.092,0.031
HG01840:KHV,ASW:AFR,0.858,0.117,0.025
HG01841:KHV,ASW:AFR,0.865,0.1065,0.0285
HG01842:KHV,ASW:AFR,0.767,0.2205,0.0125
HG01843:KHV,ASW:AFR,0.612,0.177,0.211
HG01844:KHV,ASW:AFR,0.8905,0.0495,0.06
HG01845:KHV,ASW:AFR,0.859,0.0765,0.0645
HG01846:KHV,ASW:AFR,0.83,0.159,0.011
HG01847:KHV,ASW:AFR,0.5295,0.4315,0.039
HG01848:KHV,ASW:AFR,0.68,0.2885,0.0315
HG01849:KHV,ASW:AFR,0.776,0.2205,0.0035
HG01850:KHV,ASW:AFR,0.8765,0.1045,0.019
HG01851:KHV,ASW:AFR,0.821,0.149,0.03
HG01852:KHV,ASW:AFR,0.841,0.151,0.008
HG01853:KHV,LWK:AFR,0.3995,0.5715,0.029
HG01855:KHV,ASW:AFR,0.82,0.126,0.054
HG01857:KHV,ASW:AFR,0.7245,0.244,0.0315
HG01858:KHV,LWK:AFR,0.4085,0.5425,0.049
HG01859:KHV,ASW:AFR,0.7145,0.258,0.0275
HG01860:KHV,ASW:AFR,0.75,0.1635,0.0865
HG01861:KHV,ASW:AFR,0.7555,0.2125,0.032
HG01862:KHV,ASW:AFR,0.844,0.111,0.045
HG01863:KHV,ASW:AFR,0.8935,0.0945,0.012
HG01864:KHV,ASW:AFR,0.851,0.1085,0.0405
HG01865:KHV,ASW:AFR,0.762,0.2305,0.0075
HG01866:KHV,ASW:AFR,0.8975,0.097,0.0055
HG01867:KHV,ASW:AFR,0.6115,0.2575,0.131
HG01868:KHV,ASW:AFR,0.7555,0.1425,0.102
HG01869:KHV,YRI:AFR,0.4275,0.1335,0.439
HG01870:KHV,ASW:AFR,0.59,0.291,0.119
HG01871:KHV,ASW:AFR,0.921,0.062,0.017
HG01872:KHV,ASW:AFR,0.7225,0.2505,0.027
HG01873:KHV,ASW:AFR,0.9585,0.0255,0.016
HG01874:KHV,ASW:AFR,0.637,0.3285,0.0345
HG01878:KHV,ASW:AFR,0.832,0.1365,0.0315
HG01879:ACB,LWK:AFR,0.2865,0.516,0.1975
HG01880:ACB,ASW:AFR,0.751,0.182,0.067
HG01882:ACB,ASW:AFR,0.702,0.112,0.186
HG01883:ACB,YRI:AFR,0.208,0.2815,0.5105
HG01885:ACB,YRI:AFR,0.0165,0.1945,0.789
HG01886:ACB,YRI:AFR,0.058,0.4105,0.5315
HG01889:ACB,LWK:AFR,0.217,0.4145,0.3685
HG01890:ACB,YRI:AFR,0.0425,0.103,0.8545
HG01892:PEL,ASW:AFR,0.9005,0.087,0.0125
HG01893:PEL,ASW:AFR,0.9445,0.04,0.0155
HG01894:ACB,YRI:AFR,0.3845,0.0765,0.539
HG01896:ACB,LWK:AFR,0.0505,0.5515,0.398
HG01912:ACB,YRI:AFR,0.053,0.139,0.808
HG01914:ACB,ASW:AFR,0.707,0.147,0.146
HG01915:ACB,ASW:AFR,0.646,0.0895,0.2645
HG01917:PEL,ASW:AFR,0.976,0.021,0.003
HG01918:PEL,ASW:AFR,0.9365,0.06,0.0035
HG01920:PEL,ASW:AFR,0.6715,0.248,0.0805
HG01921:PEL,ASW:AFR,0.8395,0.1345,0.026
HG01923:PEL,ASW:AFR,0.7345,0.239,0.0265
HG01924:PEL,ASW:AFR,0.9475,0.029,0.0235
HG01926:PEL,ASW:AFR,0.925,0.0595,0.0155
HG01927:PEL,ASW:AFR,0.813,0.1665,0.0205
HG01932:PEL,ASW:AFR,0.96,0.0225,0.0175
HG01933:PEL,ASW:AFR,0.7775,0.2095,0.013
HG01935:PEL,ASW:AFR,0.8245,0.104,0.0715
HG01936:PEL,ASW:AFR,0.7785,0.184,0.0375
HG01938:PEL,ASW:AFR,0.948,0.0395,0.0125
HG01939:PEL,ASW:AFR,0.975,0.0225,0.0025
HG01941:PEL,ASW:AFR,0.9375,0.055,0.0075
HG01942:PEL,ASW:AFR,0.899,0.0635,0.0375
HG01944:PEL,ASW:AFR,0.865,0.051,0.084
HG01945:PEL,ASW:AFR,0.9545,0.03,0.0155
HG01947:PEL,ASW:AFR,0.949,0.0275,0.0235
HG01948:PEL,ASW:AFR,0.7415,0.248,0.0105
HG01950:PEL,ASW:AFR,0.874,0.1125,0.0135
HG01951:PEL,ASW:AFR,0.7345,0.239,0.0265
HG01953:PEL,ASW:AFR,0.818,0.118,0.064
HG01954:PEL,ASW:AFR,0.662,0.302,0.036
HG01956:ACB,YRI:AFR,0.4245,0.122,0.4535
HG01958:ACB,ASW:AFR,0.839,0.1345,0.0265
HG01961:PEL,ASW:AFR,0.723,0.254,0.023
HG01965:PEL,ASW:AFR,0.8195,0.0885,0.092
HG01967:PEL,ASW:AFR,0.813,0.167,0.02
HG01968:PEL,ASW:AFR,0.8235,0.157,0.0195
HG01970:PEL,ASW:AFR,0.7975,0.17,0.0325
HG01971:PEL,ASW:AFR,0.567,0.205,0.228
HG01973:PEL,ASW:AFR,0.9765,0.0205,0.003
HG01974:PEL,ASW:AFR,0.821,0.149,0.03
HG01976:PEL,ASW:AFR,0.949,0.0305,0.0205
HG01977:PEL,ASW:AFR,0.879,0.098,0.023
HG01979:PEL,ASW:AFR,0.9685,0.028,0.0035
HG01980:PEL,ASW:AFR,0.956,0.0315,0.0125
HG01982:PEL,ASW:AFR,0.861,0.105,0.034
HG01985:ACB,ASW:AFR,0.6795,0.0145,0.306
HG01986:ACB,LWK:AFR,0.117,0.721,0.162
HG01988:ACB,YRI:AFR,0.277,0.129,0.594
HG01989:ACB,LWK:AFR,0.1975,0.47,0.3325
HG01990:ACB,ASW:AFR,0.6095,0.0625,0.328
HG01991:PEL,ASW:AFR,0.8015,0.123,0.0755
HG01992:PEL,ASW:AFR,0.9155,0.0755,0.009
HG01997:PEL,ASW:AFR,0.977,0.0125,0.0105
HG02002:PEL,ASW:AFR,0.7485,0.208,0.0435
HG02003:PEL,ASW:AFR,0.9225,0.0635,0.014
HG02006:PEL,ASW:AFR,0.916,0.0765,0.0075
HG02008:PEL,ASW:AFR,0.848,0.139,0.013
HG02009:ACB,YRI:AFR,0.2955,0.329,0.3755
HG02010:ACB,ASW:AFR,0.8075,0.1455,0.047
HG02012:ACB,YRI:AFR,0.0425,0.1305,0.827
HG02013:ACB,LWK:AFR,0.1075,0.525,0.3675
HG02014:ACB,ASW:AFR,0.5995,0.255,0.1455
HG02016:KHV,ASW:AFR,0.8655,0.1105,0.024
HG02017:KHV,ASW:AFR,0.69,0.144,0.166
HG02019:KHV,ASW:AFR,0.8695,0.113,0.0175
HG02020:KHV,ASW:AFR,0.798,0.136,0.066
HG02023:KHV,ASW:AFR,0.766,0.216,0.018
HG02025:KHV,ASW:AFR,0.825,0.154,0.021
HG02026:KHV,ASW:AFR,0.539,0.4245,0.0365
HG02028:KHV,ASW:AFR,0.953,0.0405,0.0065
HG02029:KHV,ASW:AFR,0.7455,0.1085,0.146
HG02031:KHV,ASW:AFR,0.919,0.0735,0.0075
HG02032:KHV,ASW:AFR,0.9285,0.035,0.0365
HG02035:KHV,ASW:AFR,0.664,0.305,0.031
HG02040:KHV,ASW:AFR,0.9775,0.0095,0.013
HG02047:KHV,ASW:AFR,0.847,0.1365,0.0165
HG02048:KHV,ASW:AFR,0.8105,0.17,0.0195
HG02049:KHV,ASW:AFR,0.8505,0.019,0.1305
HG02050:KHV,ASW:AFR,0.8955,0.0705,0.034
HG02051:ACB,YRI:AFR,0.0105,0.033,0.9565
HG02052:ACB,YRI:AFR,0.0125,0.003,0.9845
HG02053:ACB,YRI:AFR,0.033,0.0555,0.9115
HG02054:ACB,ASW:AFR,0.744,0.11,0.146
HG02057:KHV,ASW:AFR,0.9135,0.0625,0.024
HG02058:KHV,ASW:AFR,0.629,0.341,0.03
HG02060:KHV,ASW:AFR,0.946,0.0525,0.0015
HG02061:KHV,ASW:AFR,0.855,0.106,0.039
HG02064:KHV,ASW:AFR,0.9005,0.0815,0.018
HG02067:KHV,ASW:AFR,0.582,0.2975,0.1205
HG02069:KHV,ASW:AFR,0.8625,0.1215,0.016
HG02070:KHV,ASW:AFR,0.764,0.1535,0.0825
HG02072:KHV,ASW:AFR,0.539,0.446,0.015
HG02073:KHV,ASW:AFR,0.758,0.1665,0.0755
HG02075:KHV,ASW:AFR,0.832,0.053,0.115
HG02076:KHV,ASW:AFR,0.866,0.112,0.022
HG02078:KHV,ASW:AFR,0.8665,0.0955,0.038
HG02079:KHV,ASW:AFR,0.8015,0.173,0.0255
HG02081:KHV,ASW:AFR,0.8065,0.156,0.0375
HG02082:KHV,ASW:AFR,0.8895,0.104,0.0065
HG02084:KHV,ASW:AFR,0.9465,0.038,0.0155
HG02085:KHV,ASW:AFR,0.951,0.0365,0.0125
HG02086:KHV,ASW:AFR,0.9315,0.0425,0.026
HG02087:KHV,ASW:AFR,0.953,0.0415,0.0055
HG02088:KHV,ASW:AFR,0.6945,0.294,0.0115
HG02089:PEL,ASW:AFR,0.5345,0.32,0.1455
HG02090:PEL,ASW:AFR,0.997,0.002,0.001
HG02095:ACB,ASW:AFR,0.3535,0.3005,0.346
HG02102:PEL,ASW:AFR,0.7865,0.1875,0.026
HG02104:PEL,ASW:AFR,0.929,0.045,0.026
HG02105:PEL,ASW:AFR,0.802,0.165,0.033
HG02107:ACB,LWK:AFR,0.09,0.4665,0.4435
HG02108:ACB,ASW:AFR,0.4235,0.1675,0.409
HG02111:ACB,ASW:AFR,0.5145,0.0245,0.461
HG02113:KHV,ASW:AFR,0.926,0.0555,0.0185
HG02116:KHV,ASW:AFR,0.5685,0.397,0.0345
HG02121:KHV,ASW:AFR,0.771,0.1825,0.0465
HG02122:KHV,ASW:AFR,0.688,0.2235,0.0885
HG02127:KHV,ASW:AFR,0.911,0.061,0.028
HG02128:KHV,ASW:AFR,0.484,0.3165,0.1995
HG02130:KHV,LWK:AFR,0.225,0.682,0.093
HG02131:KHV,ASW:AFR,0.886,0.0755,0.0385
HG02133:KHV,ASW:AFR,0.8525,0.1445,0.003
HG02134:KHV,LWK:AFR,0.407,0.5615,0.0315
HG02136:KHV,ASW:AFR,0.94,0.0225,0.0375
HG02137:KHV,ASW:AFR,0.5625,0.412,0.0255
HG02138:KHV,ASW:AFR,0.9105,0.0805,0.009
HG02139:KHV,ASW:AFR,0.75,0.2175,0.0325
HG02140:KHV,ASW:AFR,0.8215,0.132,0.0465
HG02141:KHV,ASW:AFR,0.749,0.1975,0.0535
HG02142:KHV,ASW:AFR,0.91,0.0715,0.0185
HG02143:ACB,YRI:AFR,0.218,0.1335,0.6485
HG02144:ACB,YRI:AFR,0.059,0.1765,0.7645
HG02146:PEL,ASW:AFR,0.901,0.0685,0.0305
HG02147:PEL,ASW:AFR,0.901,0.09,0.009
HG02150:PEL,ASW:AFR,0.9665,0.028,0.0055
HG02151:CDX,ASW:AFR,0.541,0.415,0.044
HG02152:CDX,ASW:AFR,0.7455,0.234,0.0205
HG02153:CDX,ASW:AFR,0.6105,0.2275,0.162
HG02154:CDX,ASW:AFR,0.568,0.362,0.07
HG02155:CDX,ASW:AFR,0.492,0.48,0.028
HG02156:CDX,ASW:AFR,0.681,0.299,0.02
HG02164:CDX,LWK:AFR,0.443,0.516,0.041
HG02165:CDX,ASW:AFR,0.5825,0.313,0.1045
HG02166:CDX,ASW:AFR,0.9395,0.0525,0.008
HG02178:CDX,ASW:AFR,0.881,0.046,0.073
HG02179:CDX,ASW:AFR,0.613,0.3465,0.0405
HG02180:CDX,ASW:AFR,0.8635,0.106,0.0305
HG02181:CDX,ASW:AFR,0.6245,0.2665,0.109
HG02182:CDX,ASW:AFR,0.904,0.0665,0.0295
HG02184:CDX,ASW:AFR,0.804,0.1685,0.0275
HG02185:CDX,ASW:AFR,0.9195,0.07,0.0105
HG02186:CDX,ASW:AFR,0.88,0.091,0.029
HG02187:CDX,ASW:AFR,0.9435,0.04,0.0165
HG02188:CDX,ASW:AFR,0.8005,0.1685,0.031
HG02190:CDX,ASW:AFR,0.701,0.2745,0.0245
HG02215:GBR,ASW:AFR,0.911,0.0645,0.0245
HG02219:IBS,ASW:AFR,0.731,0.147,0.122
HG02220:IBS,ASW:AFR,0.7795,0.0985,0.122
HG02221:IBS,ASW:AFR,0.8995,0.088,0.0125
HG02223:IBS,ASW:AFR,0.924,0.0185,0.0575
HG02224:IBS,ASW:AFR,0.8755,0.0795,0.045
HG02230:IBS,ASW:AFR,0.7745,0.138,0.0875
HG02231:IBS,ASW:AFR,0.9965,0.003,0.0005
HG02232:IBS,ASW:AFR,0.9205,0.064,0.0155
HG02233:IBS,ASW:AFR,0.946,0.032,0.022
HG02235:IBS,ASW:AFR,0.7655,0.185,0.0495
HG02236:IBS,ASW:AFR,0.875,0.0785,0.0465
HG02238:IBS,ASW:AFR,0.9015,0.075,0.0235
HG02239:IBS,ASW:AFR,0.902,0.054,0.044
HG02250:CDX,ASW:AFR,0.9185,0.061,0.0205
HG02252:PEL,ASW:AFR,0.9485,0.0465,0.005
HG02253:PEL,ASW:AFR,0.933,0.0405,0.0265
HG02255:ACB,YRI:AFR,0.093,0.343,0.564
HG02256:ACB,YRI:AFR,0.23,0.179,0.591
HG02259:PEL,ASW:AFR,0.8915,0.0885,0.02
HG02260:PEL,ASW:AFR,0.6895,0.285,0.0255
HG02262:PEL,ASW:AFR,0.915,0.0695,0.0155
HG02265:PEL,ASW:AFR,0.8525,0.1215,0.026
HG02266:PEL,ASW:AFR,0.874,0.1125,0.0135
HG02271:PEL,ASW:AFR,0.986,0.0115,0.0025
HG02272:PEL,ASW:AFR,0.8915,0.0885,0.02
HG02274:PEL,ASW:AFR,0.854,0.0745,0.0715
HG02275:PEL,ASW:AFR,0.9155,0.0675,0.017
HG02277:PEL,ASW:AFR,0.887,0.1035,0.0095
HG02278:PEL,ASW:AFR,0.952,0.041,0.007
HG02281:ACB,YRI:AFR,0.146,0.42,0.434
HG02282:ACB,ASW:AFR,0.6685,0.2265,0.105
HG02283:ACB,YRI:AFR,0.1115,0.17,0.7185
HG02284:ACB,YRI:AFR,0.0325,0.4295,0.538
HG02285:PEL,ASW:AFR,0.718,0.2275,0.0545
HG02286:PEL,ASW:AFR,0.7485,0.2115,0.04
HG02291:PEL,ASW:AFR,0.984,0.0115,0.0045
HG02292:PEL,ASW:AFR,0.9405,0.05,0.0095
HG02298:PEL,ASW:AFR,0.987,0.0095,0.0035
HG02299:PEL,ASW:AFR,0.845,0.1345,0.0205
HG02301:PEL,ASW:AFR,0.7635,0.217,0.0195
HG02304:PEL,ASW:AFR,0.597,0.3405,0.0625
HG02307:ACB,ASW:AFR,0.4755,0.2165,0.308
HG02308:ACB,YRI:AFR,0.166,0.336,0.498
HG02309:ACB,ASW:AFR,0.7915,0.042,0.1665
HG02312:PEL,ASW:AFR,0.668,0.231,0.101
HG02314:ACB,YRI:AFR,0.041,0.0835,0.8755
HG02315:ACB,YRI:AFR,0.049,0.206,0.745
HG02317:ACB,LWK:AFR,0.044,0.9055,0.0505
HG02318:ACB,YRI:AFR,0.091,0.396,0.513
HG02322:ACB,YRI:AFR,0.041,0.175,0.784
HG02323:ACB,YRI:AFR,0.3845,0.0685,0.547
HG02325:ACB,LWK:AFR,0.2775,0.4655,0.257
HG02330:ACB,LWK:AFR,0.162,0.7035,0.1345
HG02332:ACB,YRI:AFR,0.276,0.1905,0.5335
HG02334:ACB,YRI:AFR,0.2125,0.3575,0.43
HG02337:ACB,ASW:AFR,0.51,0.191,0.299
HG02339:ACB,YRI:AFR,0.248,0.355,0.397
HG02343:ACB,ASW:AFR,0.5445,0.1325,0.323
HG02345:PEL,ASW:AFR,0.8845,0.082,0.0335
HG02348:PEL,ASW:AFR,0.564,0.3915,0.0445
HG02351:CDX,ASW:AFR,0.736,0.2525,0.0115
HG02353:CDX,ASW:AFR,0.8425,0.1385,0.019
HG02355:CDX,ASW:AFR,0.8345,0.1435,0.022
HG02356:CDX,ASW:AFR,0.6005,0.3325,0.067
HG02360:CDX,ASW:AFR,0.716,0.146,0.138
HG02364:CDX,ASW:AFR,0.9275,0.0575,0.015
HG02367:CDX,ASW:AFR,0.831,0.1225,0.0465
HG02371:CDX,LWK:AFR,0.4825,0.512,0.0055
HG02373:CDX,ASW:AFR,0.8715,0.081,0.0475
HG02374:CDX,ASW:AFR,0.768,0.193,0.039
HG02375:CDX,ASW:AFR,0.9425,0.0175,0.04
HG02379:CDX,ASW:AFR,0.8055,0.1655,0.029
HG02380:CDX,ASW:AFR,0.9015,0.0905,0.008
HG02382:CDX,ASW:AFR,0.779,0.198,0.023
HG02383:CDX,ASW:AFR,0.67,0.2935,0.0365
HG02384:CDX,ASW:AFR,0.842,0.1405,0.0175
HG02385:CDX,ASW:AFR,0.679,0.1555,0.1655
HG02386:CDX,ASW:AFR,0.8615,0.112,0.0265
HG02389:CDX,ASW:AFR,0.735,0.233,0.032
HG02390:CDX,ASW:AFR,0.917,0.072,0.011
HG02391:CDX,ASW:AFR,0.758,0.168,0.074
HG02392:CDX,ASW:AFR,0.65,0.2865,0.0635
HG02394:CDX,ASW:AFR,0.605,0.245,0.15
HG02395:CDX,ASW:AFR,0.6655,0.3235,0.011
HG02396:CDX,ASW:AFR,0.7815,0.1915,0.027
HG02397:CDX,ASW:AFR,0.7425,0.12,0.1375
HG02398:CDX,ASW:AFR,0.968,0.0275,0.0045
HG02399:CDX,ASW:AFR,0.742,0.2245,0.0335
HG02401:CDX,ASW:AFR,0.7925,0.0645,0.143
HG02402:CDX,ASW:AFR,0.777,0.144,0.079
HG02406:CDX,ASW:AFR,0.9615,0.0335,0.005
HG02407:CDX,ASW:AFR,0.798,0.1005,0.1015
HG02408:CDX,ASW:AFR,0.759,0.214,0.027
HG02409:CDX,ASW:AFR,0.802,0.183,0.015
HG02410:CDX,ASW:AFR,0.596,0.363,0.041
HG02419:ACB,YRI:AFR,0.04,0.2525,0.7075
HG02420:ACB,ASW:AFR,0.9215,0.04,0.0385
HG02425:PEL,ASW:AFR,0.817,0.153,0.03
HG02427:ACB,ASW:AFR,0.6065,0.0965,0.297
HG02429:ACB,ASW:AFR,0.449,0.295,0.256
HG02433:ACB,YRI:AFR,0.11,0.1735,0.7165
HG02439:ACB,YRI:AFR,0.111,0.2295,0.6595
HG02442:ACB,YRI:AFR,0.014,0.0485,0.9375
HG02445:ACB,YRI:AFR,0.396,0.106,0.498
HG02449:ACB,YRI:AFR,0.02,0.201,0.779
HG02450:ACB,YRI:AFR,0.4615,0.02,0.5185
HG02455:ACB,LWK:AFR,0.273,0.5605,0.1665
HG02461:GWD,YRI:AFR,0.149,0.2955,0.5555
HG02462:GWD,YRI:AFR,0.082,0.325,0.593
HG02464:GWD,LWK:AFR,0.017,0.9685,0.0145
HG02465:GWD,YRI:AFR,0.023,0.01,0.967
HG02470:ACB,YRI:AFR,0.091,0.4125,0.4965
HG02471:ACB,LWK:AFR,0.272,0.5395,0.1885
HG02476:ACB,YRI:AFR,0.237,0.1255,0.6375
HG02477:ACB,ASW:AFR,0.904,0.0315,0.0645
HG02479:ACB,LWK:AFR,0.087,0.709,0.204
HG02481:ACB,YRI:AFR,0.063,0.2615,0.6755
HG02484:ACB,ASW:AFR,0.8375,0.0355,0.127
HG02485:ACB,ASW:AFR,0.893,0.096,0.011
HG02489:ACB,YRI:AFR,0.2495,0.1755,0.575
HG02490:PJL,ASW:AFR,0.9515,0.038,0.0105
HG02491:PJL,ASW:AFR,0.853,0.117,0.03
HG02493:PJL,ASW:AFR,0.6575,0.3035,0.039
HG02494:PJL,ASW:AFR,0.855,0.05,0.095
HG02496:ACB,YRI:AFR,0.0365,0.0855,0.878
HG02497:ACB,ASW:AFR,0.574,0.0755,0.3505
HG02501:ACB,YRI:AFR,0.102,0.047,0.851
HG02502:ACB,ASW:AFR,0.6835,0.0755,0.241
HG02505:ACB,YRI:AFR,0.0345,0.4535,0.512
HG02508:ACB,ASW:AFR,0.7165,0.145,0.1385
HG02511:ACB,ASW:AFR,0.6915,0.1635,0.145
HG02512:KHV,ASW:AFR,0.9245,0.07,0.0055
HG02513:KHV,LWK:AFR,0.4285,0.4625,0.109
HG02521:KHV,ASW:AFR,0.9225,0.075,0.0025
HG02522:KHV,ASW:AFR,0.808,0.1685,0.0235
HG02536:ACB,ASW:AFR,0.637,0.0645,0.2985
HG02537:ACB,YRI:AFR,0.037,0.032,0.931
HG02541:ACB,YRI:AFR,0.445,0.047,0.508
HG02545:ACB,YRI:AFR,0.0165,0.0615,0.922
HG02546:ACB,LWK:AFR,0.3875,0.4865,0.126
HG02549:ACB,YRI:AFR,0.0315,0.0565,0.912
HG02554:ACB,ASW:AFR,0.795,0.0805,0.1245
HG02555:ACB,YRI:AFR,0.188,0.2335,0.5785
HG02557:ACB,YRI:AFR,0.0755,0.257,0.6675
HG02558:ACB,YRI:AFR,0.004,0.06,0.936
HG02561:GWD,YRI:AFR,0.0335,0.185,0.7815
HG02562:GWD,YRI:AFR,0.042,0.116,0.842
HG02568:GWD,LWK:AFR,0.0725,0.5435,0.384
HG02570:GWD,YRI:AFR,0.0475,0.0625,0.89
HG02571:GWD,LWK:AFR,0.061,0.511,0.428
HG02573:GWD,YRI:AFR,0.059,0.4165,0.5245
HG02574:GWD,YRI:AFR,0.0865,0.2125,0.701
HG02577:ACB,YRI:AFR,0.3705,0.1585,0.471
HG02580:ACB,YRI:AFR,0.007,0.0545,0.9385
HG02582:GWD,YRI:AFR,0.018,0.0095,0.9725
HG02583:GWD,YRI:AFR,0.2015,0.3375,0.461
HG02585:GWD,YRI:AFR,0.092,0.125,0.783
HG02586:GWD,LWK:AFR,0.0745,0.5315,0.394
HG02588:GWD,YRI:AFR,0.1085,0.309,0.5825
HG02589:GWD,YRI:AFR,0.0775,0.4175,0.505
HG02594:GWD,YRI:AFR,0.0105,0.1825,0.807
HG02595:GWD,YRI:AFR,0.0035,0.005,0.9915
HG02597:PJL,ASW:AFR,0.825,0.0705,0.1045
HG02600:PJL,ASW:AFR,0.7935,0.161,0.0455
HG02601:PJL,ASW:AFR,0.5285,0.3625,0.109
HG02603:PJL,ASW:AFR,0.934,0.0525,0.0135
HG02604:PJL,ASW:AFR,0.9705,0.005,0.0245
HG02610:GWD,ASW:AFR,0.5055,0.059,0.4355
HG02611:GWD,YRI:AFR,0.0485,0.0245,0.927
HG02613:GWD,YRI:AFR,0.116,0.298,0.586
HG02614:GWD,YRI:AFR,0.0195,0.102,0.8785
HG02620:GWD,LWK:AFR,0.0685,0.683,0.2485
HG02621:GWD,LWK:AFR,0.123,0.512,0.365
HG02623:GWD,YRI:AFR,0.0045,0.07,0.9255
HG02624:GWD,YRI:AFR,0.2115,0.068,0.7205
HG02628:GWD,YRI:AFR,0.0935,0.056,0.8505
HG02629:GWD,ASW:AFR,0.4475,0.3575,0.195
